1 355 344 820 812
1 605 421 850 812
1 904 323 1132 814
1 1059 421 1450 814
1 48 1075 320 1513
1 195 1200 472 1515
1 548 1108 801 1518
1 668 1255 967 1518
1 991 1165 1184 1469
1 1216 1189 1303 1341
1 1246 1097 1450 1480
1 46 1806 366 2241
1 334 1784 540 2230
1 1007 1811 1461 2227
6 755 2018 779 2056
6 774 2029 804 2069
7 513 374 597 469
7 717 459 771 507
7 991 344 1081 467
7 1105 510 1257 679
7 143 1143 279 1301
7 274 1214 396 1358
7 589 1178 738 1382
7 700 1301 823 1456
7 1404 1102 1450 1306
7 1230 1197 1282 1263
7 62 1866 241 2102
7 1024 1841 1271 2107
7 1170 1670 1447 2053
1 1314 1192 1415 1333
8 560 1550 996 2242
8 43 1545 541 2243
8 1015 1539 1459 2240
8 540 842 965 1526
8 984 841 1459 1525
8 49 838 526 1537
8 48 132 879 820
8 898 130 1458 821
