1 70 337 454 780
1 489 342 751 778
1 955 258 1186 770
1 1208 525 1463 772
1 68 922 506 1507
1 541 1123 737 1504
1 731 1273 949 1510
1 1126 944 1466 1512
1 62 1809 503 2212
1 960 1752 1276 2204
1 1210 1736 1477 2206
7 168 421 410 710
7 538 427 748 704
7 982 329 1161 538
7 87 971 405 1425
7 628 1159 753 1303
7 767 1311 868 1431
7 1189 1055 1474 1420
7 84 1902 446 2185
7 370 2000 680 2190
7 1058 1812 1183 1967
7 1238 1776 1387 1981
8 779 1539 1479 2216
8 62 1537 759 2217
8 63 806 513 1521
8 530 805 1014 1516
8 1016 804 1476 1518
8 60 105 750 793
8 770 104 1472 784
