1 103 541 215 828
1 169 604 319 822
1 298 500 508 822
1 650 626 877 820
1 973 511 1227 825
1 1200 563 1369 820
1 41 1170 188 1525
1 418 1066 691 1522
1 965 987 1350 1514
1 1274 1077 1328 1429
1 205 1870 341 2217
1 199 1952 442 2220
7 95 568 191 746
7 224 617 273 694
7 308 568 475 757
7 732 658 806 781
7 1011 549 1162 746
7 1233 606 1345 740
7 60 1186 123 1265
7 445 1151 661 1402
7 1093 1014 1186 1131
7 1282 1077 1331 1134
7 656 1872 880 2209
7 902 1919 1123 2190
7 1189 1924 1413 2211
7 240 1911 341 2009
7 284 1971 399 2105
8 44 1550 874 2228
8 887 1543 1462 2229
8 44 851 693 1530
8 710 846 1457 1526
8 970 118 1453 826
8 534 123 950 826
8 43 123 513 823
