1 1034 367 1320 803
1 503 381 593 732
1 591 384 686 754
1 650 416 866 751
1 51 1034 119 1190
1 51 1013 389 1530
1 348 1034 476 1470
1 533 1105 817 1538
1 732 1002 885 1533
1 945 1124 1203 1536
1 1113 1045 1435 1536
1 1326 1127 1454 1544
1 106 1879 296 2108
1 78 1751 680 2230
1 539 1808 754 2238
1 1018 1822 1361 2244
7 1105 416 1285 694
7 198 1062 294 1162
7 362 1054 435 1146
7 57 1059 111 1141
7 571 1154 675 1269
7 1056 1211 1182 1334
7 1203 1094 1310 1250
7 528 389 571 441
7 615 397 656 443
7 547 1873 697 2034
7 1138 1868 1258 2007
7 141 1928 215 1990
8 786 1567 1460 2248
8 41 1559 765 2247
8 915 831 1462 1545
8 502 829 897 1545
8 50 825 482 1538
8 1028 131 1463 810
8 53 129 1012 807
