1 158 304 425 705
1 288 263 489 705
1 584 371 716 702
1 864 349 1084 707
1 1074 384 1388 707
1 196 1079 462 1510
1 69 874 433 1512
1 578 1246 815 1510
1 761 1071 899 1510
1 971 1144 1232 1520
1 1041 855 1356 1512
1 150 1784 344 2185
1 209 1741 602 2185
1 718 1709 1125 2196
1 818 1846 1375 2185
7 611 387 656 441
7 950 360 1009 430
7 1141 484 1283 651
7 336 285 392 336
7 269 320 325 366
7 279 1133 392 1265
7 619 1292 689 1359
7 772 1090 837 1160
7 1028 1208 1135 1340
7 1135 885 1230 1022
7 139 979 250 1216
7 253 1806 304 1860
7 411 1790 495 1868
7 877 1803 1100 2016
7 1082 1908 1254 2150
8 708 1544 1492 2193
8 66 1543 689 2195
8 968 738 1492 1522
8 552 737 948 1522
8 70 736 534 1523
8 862 87 1487 723
8 68 87 842 713
