1 481 377 596 822
1 519 410 680 822
1 883 442 1126 817
1 1118 473 1457 817
1 82 1246 508 1572
1 530 1260 937 1615
1 1099 1252 1402 1613
1 311 1864 492 2236
1 341 1930 497 2231
1 514 1990 730 2222
1 508 1883 743 2217
1 740 1927 918 2220
1 817 1818 1093 2220
1 973 1645 1457 2225
7 511 404 560 453
7 978 492 1123 732
7 587 1315 740 1503
7 863 1219 987 1613
7 1178 1306 1293 1460
7 585 1927 675 2001
7 1077 1807 1402 2228
7 798 1938 891 2058
7 825 1842 948 1971
7 637 2020 675 2108
7 423 1949 483 2025
8 54 1631 1469 2234
8 53 853 506 1623
8 53 121 861 834
8 883 117 1467 830
8 1004 854 1456 1621
8 519 854 988 1616
