1 423 323 636 722
1 533 334 719 695
1 900 264 1194 728
1 1119 439 1385 722
1 86 1016 231 1510
1 121 1054 355 1518
1 280 1062 442 1456
1 358 1062 531 1453
1 568 1005 814 1518
1 760 1113 1021 1520
1 1046 1065 1442 1520
1 35 1709 544 2192
1 407 1833 692 2186
1 857 1733 1051 2138
1 1038 1798 1151 2132
1 1119 1763 1288 2189
1 1270 1768 1410 2073
7 560 347 628 409
7 1019 326 1164 533
7 1124 477 1283 633
7 463 1059 517 1127
7 337 1083 382 1143
7 183 1075 248 1143
7 668 1100 817 1275
7 833 1146 962 1356
7 1119 1113 1348 1353
7 202 1741 404 2019
7 412 1857 606 2108
7 951 1747 1016 1836
7 1057 1817 1119 1874
7 1178 1774 1226 1849
7 1315 1779 1380 1841
8 731 1547 1451 2203
8 33 1543 719 2199
8 1044 755 1451 1529
8 39 82 843 737
8 860 80 1452 739
8 544 753 1026 1522
8 40 756 537 1522
