1 189 833 278 1190
1 219 581 649 1441
1 516 851 689 1395
1 654 860 835 1344
1 806 833 1068 1433
1 1049 797 1222 1436
1 1246 795 1382 1438
1 1346 478 1479 1436
1 127 1695 397 2017
1 254 1728 597 2004
1 492 1695 784 1996
1 811 1668 1144 2015
1 1117 1733 1422 2004
7 1365 797 1444 892
7 375 635 543 841
7 722 857 797 968
7 1046 830 1149 925
7 1249 819 1341 908
7 1411 565 1474 773
7 281 1717 346 1795
7 446 1806 570 1906
7 676 1717 741 1801
7 954 1720 1135 1928
8 79 1465 796 2034
8 811 1463 1489 2036
8 66 33 1487 1445
