1 59 398 246 879
1 301 515 531 873
1 974 559 1205 768
1 1267 488 1419 882
1 62 1107 352 1549
1 339 1234 548 1549
1 1093 906 1462 1560
1 279 1924 464 2195
1 499 1929 721 2201
1 835 1821 1139 2222
1 1243 1946 1408 2168
7 92 507 244 743
7 306 559 445 770
7 588 626 830 873
7 84 1215 325 1492
7 409 1270 485 1370
7 1148 1025 1281 1156
7 320 1935 385 2027
7 534 1956 621 2054
7 1012 1886 1126 2100
7 1278 1967 1343 2035
8 771 1583 1470 2227
8 63 1579 750 2227
8 714 909 1468 1561
8 62 908 691 1561
8 555 123 882 886
8 59 123 554 886
8 900 120 1469 886
7 1025 581 1091 633
