1 60 322 404 908
1 361 487 602 892
1 634 391 788 864
1 760 440 982 834
1 998 150 1321 908
1 1111 369 1461 908
1 290 1080 467 1584
1 402 1026 673 1581
1 741 1075 952 1589
1 952 1146 1190 1578
1 84 1934 249 2260
1 257 1964 451 2254
1 399 2000 656 2252
1 768 1773 1217 2252
1 1007 1833 1223 2254
1 1220 1852 1414 2249
7 205 372 320 484
7 383 500 459 602
7 697 415 774 500
7 790 451 848 533
7 1012 270 1269 621
7 1132 432 1346 634
7 314 1097 394 1182
7 448 1045 541 1138
7 777 1212 933 1496
7 1017 1198 1100 1264
7 150 1948 207 2027
7 306 1992 353 2057
7 495 2057 632 2205
7 834 1849 1028 2109
7 1080 1921 1198 2066
7 1264 1885 1381 2014
8 54 1614 746 2268
8 768 1610 1470 2264
8 739 941 1470 1589
8 53 941 718 1591
8 635 151 981 917
8 1002 150 1472 922
8 56 150 617 917
