1 76 480 393 892
1 294 346 515 889
1 70 398 177 742
1 559 496 914 892
1 963 352 1244 846
1 1220 619 1331 859
1 1307 589 1462 892
1 73 1083 379 1572
1 289 1293 494 1566
1 442 1200 679 1563
1 693 1222 889 1572
1 851 1045 1179 1572
1 1039 1187 1473 1574
1 191 1872 442 2238
1 327 1804 483 2240
1 477 1853 627 2243
1 947 1602 1392 2210
7 128 575 262 720
7 313 488 488 772
7 616 608 865 892
7 1094 373 1187 485
7 1247 633 1312 717
7 1337 611 1408 696
7 84 1173 360 1566
7 343 1342 480 1517
7 458 1288 671 1531
7 701 1301 859 1517
7 911 1135 1116 1378
7 1091 1291 1345 1542
7 1110 1651 1288 1782
7 300 1886 365 1978
7 363 1825 425 1899
7 507 1880 573 1954
8 73 1601 663 2248
8 681 1595 1484 2248
8 68 134 527 900
8 938 131 1484 899
8 683 920 1484 1569
8 67 920 683 1572
8 538 134 917 899
