1 76 459 211 910
1 84 440 366 910
1 277 453 516 904
1 567 317 891 910
1 994 448 1247 831
1 1119 478 1472 904
1 206 1165 467 1565
1 328 1217 459 1559
1 959 1127 1146 1565
1 1157 1201 1318 1568
1 133 1837 472 2217
1 682 1755 1269 2212
1 1119 1872 1301 2079
7 364 519 524 779
7 641 453 888 861
7 1024 470 1087 538
7 1315 548 1434 654
7 195 459 247 508
7 1032 1149 1092 1217
7 317 1905 453 2068
7 978 1826 1089 1951
7 1144 1896 1201 1953
8 620 1592 1485 2229
8 68 1592 604 2228
8 915 112 1485 915
8 545 112 916 912
8 68 112 524 913
8 772 929 1483 1575
8 71 926 752 1570
