1 348 369 486 761
1 977 313 1466 756
1 64 891 426 1466
1 402 980 810 1441
1 847 1020 1166 1452
1 1171 1171 1350 1414
1 70 1606 421 2181
1 315 1674 504 1822
1 1290 1852 1444 2119
1 872 1871 1107 2162
1 1096 1741 1185 2181
1 1190 1773 1317 2146
1 831 442 972 677
6 693 475 742 594
6 745 488 831 626
6 707 359 812 456
6 1422 394 1466 491
6 845 1152 885 1252
6 540 1876 618 2146
6 783 1860 888 2025
6 1387 1811 1460 1884
7 288 974 399 1093
7 464 1058 612 1225
7 1036 1036 1107 1125
7 1215 1188 1271 1255
7 1107 1749 1161 1806
7 399 1698 440 1757
8 66 1483 1478 2183
8 62 790 814 1467
8 833 789 1479 1466
8 688 75 1474 766
8 61 73 665 767
6 1389 413 1425 489
6 1341 420 1377 464
6 979 499 1012 548
6 1277 1175 1310 1226
6 1190 1175 1213 1211
6 1165 1173 1190 1221
1 1328 1114 1473 1461
7 1323 1236 1443 1458
7 1315 1869 1382 1920
7 805 1869 864 1920
