6 453 552 483 644
6 491 549 521 644
1 737 390 923 732
1 956 270 1210 718
1 1199 358 1369 688
1 65 1049 191 1530
1 117 983 382 1530
1 366 1136 546 1533
1 571 1139 942 1401
1 967 1054 1434 1538
1 366 1740 636 2208
1 800 1724 1361 2210
7 849 418 907 461
7 1049 276 1134 390
7 1248 399 1314 467
7 101 1060 180 1177
7 207 992 306 1125
7 415 1147 489 1232
7 1046 1177 1317 1442
7 500 1790 612 1899
7 901 1792 1240 2200
8 793 1563 1482 2218
8 71 1560 771 2214
8 70 777 568 1537
8 570 776 942 1537
8 964 775 1482 1538
8 68 106 717 755
8 722 102 1482 752
