1 268 482 409 729
1 539 390 683 569
1 938 398 1223 729
1 1212 271 1467 743
1 230 1193 322 1462
6 67 1155 108 1269
1 507 1090 816 1562
1 689 1055 908 1559
1 990 1022 1427 1568
1 982 1190 1462 1570
1 48 2040 195 2208
1 352 2031 542 2219
1 618 2026 689 2211
1 173 1839 282 2080
1 727 1682 916 2227
1 849 1649 1085 2227
1 897 1592 1139 2227
7 984 439 1115 618
7 1234 368 1445 710
7 775 1082 843 1188
7 1063 1177 1264 1351
7 1199 1234 1416 1418
7 751 1687 832 1782
7 916 1663 1003 1774
7 960 1603 1082 1714
7 621 2037 661 2080
7 599 406 645 461
8 716 1587 1460 2235
8 45 1581 701 2229
8 990 762 1465 1576
8 511 757 970 1571
8 50 757 491 1568
8 861 123 1470 742
8 51 120 838 740
