1 255 380 487 802
1 451 367 764 797
1 794 446 1039 800
1 993 372 1428 797
1 941 1009 1287 1502
1 65 1912 176 2234
1 272 1812 517 2228
1 541 1934 791 2234
1 734 1942 1001 2231
7 255 465 419 696
7 462 459 672 740
7 859 500 1028 707
7 1164 468 1390 737
7 386 1058 704 1493
7 1055 1053 1153 1159
7 114 1934 149 1981
7 310 1899 514 2176
7 593 1991 723 2174
7 1118 1923 1322 2234
7 1308 1692 1480 2228
8 1031 1531 1488 2245
8 542 1528 1010 2241
8 59 1526 527 2240
8 745 831 1488 1511
8 70 829 725 1509
8 791 128 1490 812
8 64 125 773 804
