1 327 338 764 815
1 978 420 1252 802
1 1203 558 1387 810
1 78 978 593 1512
1 506 1116 642 1512
1 1089 1236 1287 1517
1 1301 1124 1488 1517
1 325 2013 485 2244
1 395 1875 520 2217
1 853 1802 1108 2247
7 409 406 664 715
7 1081 458 1162 552
7 1214 585 1263 688
7 84 1089 374 1515
7 536 1184 612 1395
7 1114 1314 1260 1485
7 1339 1179 1482 1417
7 954 1881 1046 2003
7 1130 1935 1477 2247
8 600 1539 1112 2250
8 68 1537 580 2249
8 1128 1536 1494 2250
8 663 834 1491 1520
8 75 831 645 1518
8 799 134 1495 817
8 78 131 774 811
