1 221 427 351 717
1 530 403 925 882
1 1071 508 1472 890
1 1369 487 1472 792
1 284 1223 508 1550
1 468 1182 679 1542
1 982 1193 1160 1542
1 1120 1147 1239 1404
1 64 1902 281 2210
1 262 1815 684 2210
1 733 1693 1131 2210
1 982 1772 1247 2205
7 600 478 874 809
7 1125 584 1334 830
7 1377 500 1447 595
7 359 1263 473 1409
7 484 1212 587 1352
7 1128 1171 1166 1231
7 94 1918 246 2134
7 284 1915 530 2129
7 1076 1796 1144 1880
8 792 915 1480 1550
8 61 914 773 1549
8 58 96 514 890
8 533 94 933 894
8 949 92 1483 889
8 700 1574 1482 2208
8 58 1566 690 2208
