1 116 374 257 674
1 334 308 807 714
1 919 228 1171 709
1 1171 409 1288 563
1 146 1190 225 1469
1 220 1203 297 1469
1 507 1118 645 1527
1 677 1291 892 1527
1 908 1057 1166 1511
1 1091 1224 1203 1439
1 1245 1102 1476 1514
1 85 1787 610 2186
1 515 1925 781 2180
1 937 1721 1158 2188
1 1049 1702 1479 2180
7 170 385 207 430
7 563 337 650 443
7 1195 411 1253 475
7 547 1150 608 1214
7 741 1320 812 1399
7 1075 1099 1158 1203
7 1142 1243 1190 1301
7 1336 1139 1397 1211
7 480 1848 595 1949
7 605 1965 695 2090
7 1179 1832 1426 2069
8 61 92 823 728
8 842 85 1471 720
8 910 737 1472 1525
8 496 747 898 1535
8 65 745 486 1532
8 67 1555 905 2192
8 930 1545 1480 2190
