1 168 471 415 857
1 276 399 445 863
1 613 611 951 855
1 756 461 957 868
1 978 337 1193 860
1 978 482 1480 863
1 412 1160 715 1485
1 1010 1211 1099 1504
1 1120 1233 1206 1496
1 203 1734 514 2179
1 552 1785 836 2179
1 922 1774 1388 2187
1 1187 1820 1439 2187
7 332 426 402 498
7 694 638 817 809
7 756 522 927 715
7 1002 442 1185 697
7 1195 528 1410 758
7 522 1195 630 1305
7 404 1764 514 1887
7 538 1801 619 1927
7 1075 1812 1160 1914
7 1286 1839 1353 1927
8 859 1549 1488 2195
8 76 1545 842 2193
8 764 888 1489 1529
8 76 888 743 1529
8 613 72 955 869
8 73 72 594 870
8 975 70 1489 871
