1 541 131 643 251
1 616 116 705 207
1 736 69 838 280
1 836 73 902 289
1 20 339 112 604
1 115 349 227 601
1 342 406 429 515
1 442 338 599 605
1 647 441 709 590
1 709 446 762 592
1 825 719 974 854
6 578 387 621 508
6 547 386 585 464
7 853 90 880 116
7 781 79 814 105
7 565 145 592 178
7 629 124 662 153
7 720 453 742 476
7 675 444 698 471
7 137 366 176 403
7 77 358 103 395
7 926 755 970 806
8 822 650 1019 926
8 452 648 820 925
8 17 645 451 922
8 18 334 433 608
8 634 333 1021 610
8 434 333 634 609
8 516 27 722 296
8 722 26 1015 297
8 23 26 516 297
