1 37 116 187 302
1 197 62 333 296
1 355 128 444 300
1 425 105 664 296
1 749 96 868 280
1 910 36 991 249
1 219 430 323 609
1 30 412 275 609
1 30 435 114 560
1 388 422 453 608
1 422 398 559 610
1 543 412 620 606
1 604 418 684 609
1 699 407 831 610
1 840 408 970 604
1 927 418 983 516
1 972 428 1021 609
1 459 800 524 888
1 515 804 577 893
1 595 767 650 913
1 646 769 691 912
1 938 736 1001 913
6 729 777 748 815
6 752 783 775 822
6 775 787 796 817
6 301 834 332 866
6 347 837 372 871
7 936 47 962 80
7 816 101 842 137
7 505 149 588 237
7 376 142 438 217
7 248 74 286 118
7 117 124 155 168
7 41 451 92 517
7 255 433 296 479
7 414 425 448 468
7 493 408 536 451
7 566 423 594 458
7 619 429 646 462
7 723 425 796 507
7 845 423 913 509
7 938 434 970 470
7 984 437 1016 480
7 491 814 519 843
7 526 819 554 848
8 586 647 1018 922
8 25 644 443 921
8 697 341 1024 616
8 363 341 695 616
8 28 341 361 615
8 20 28 350 305
8 352 26 668 301
8 669 24 1023 300
8 445 645 583 922
