1 32 118 136 277
1 101 120 185 246
1 292 180 396 293
1 316 169 362 264
1 395 165 455 260
1 413 176 502 291
1 509 107 670 295
1 600 116 700 252
1 711 140 811 283
1 782 149 924 285
1 871 134 942 222
1 922 137 1022 291
1 116 462 311 609
1 26 454 115 602
1 68 465 176 576
1 222 410 302 496
1 236 478 326 574
1 670 465 784 605
1 812 447 936 590
1 956 467 1019 595
1 902 465 958 558
1 943 455 987 512
1 814 452 856 497
1 19 771 64 872
1 54 785 178 917
1 130 772 190 891
1 190 784 310 916
1 252 732 347 869
1 355 723 418 917
1 423 728 577 916
1 627 763 707 920
1 692 761 755 918
1 853 724 975 917
1 950 712 1011 919
7 707 471 783 569
7 822 458 847 483
7 902 468 927 499
7 954 462 979 493
7 980 472 1006 505
7 912 729 947 769
7 948 721 980 766
7 659 763 683 799
7 708 764 735 796
7 452 744 549 863
7 357 723 393 769
7 271 742 304 781
7 80 121 113 167
7 132 124 165 166
7 320 177 344 210
7 345 185 373 221
7 412 171 443 205
7 449 182 474 222
7 514 123 613 241
7 612 126 677 208
7 745 154 789 207
7 825 162 873 219
7 876 140 917 182
7 965 145 1012 199
8 776 647 1015 925
8 578 647 775 921
8 420 647 578 923
8 20 645 420 921
8 811 336 1021 611
8 21 335 665 611
8 664 334 810 611
8 24 41 504 299
8 706 25 1026 298
8 505 24 705 297
