1 35 126 140 236
1 141 112 278 252
1 219 76 401 264
1 448 157 763 283
1 420 30 661 219
1 807 42 1008 270
1 73 416 210 562
1 251 340 336 526
1 218 421 449 604
1 474 496 683 609
1 568 348 669 582
1 516 345 590 503
1 501 347 540 508
1 763 394 831 604
1 859 398 910 581
1 864 425 1018 590
1 76 674 136 883
1 121 695 165 885
1 145 757 250 916
1 217 709 283 806
1 221 762 365 917
1 329 736 420 918
1 462 706 528 909
1 506 701 593 913
1 634 737 785 916
1 816 693 882 899
1 865 707 963 902
7 813 227 854 267
7 428 173 474 220
7 460 229 503 265
7 149 116 184 149
7 106 129 134 153
7 130 421 168 462
7 274 340 304 370
7 342 440 387 481
7 514 352 540 388
7 546 353 579 391
7 597 360 629 395
7 554 538 621 609
7 794 406 826 438
7 873 404 901 434
7 884 446 992 584
7 641 754 759 891
7 842 693 875 725
7 346 761 386 797
7 276 776 324 821
7 224 726 261 758
7 196 772 242 818
7 101 681 124 710
7 129 693 153 724
7 247 83 275 120
8 632 645 789 919
8 789 643 1016 918
8 470 339 753 611
8 23 339 470 612
8 753 338 1022 610
8 21 28 407 304
8 407 25 769 302
8 428 646 630 922
8 30 646 426 922
