1 327 207 429 306
1 469 131 662 305
1 165 75 218 195
1 137 459 233 611
1 224 460 284 608
1 466 482 538 611
1 519 483 612 609
1 390 761 514 918
1 495 793 579 919
1 678 145 774 272
1 743 131 860 280
1 196 198 305 303
1 41 210 144 304
1 133 195 210 300
1 25 118 65 165
1 19 156 48 257
1 41 158 87 217
6 681 537 704 590
6 658 538 680 589
7 498 150 606 270
7 375 216 423 282
7 175 78 196 108
7 486 499 528 540
7 547 505 592 544
8 21 650 372 925
8 372 649 610 924
8 610 648 1018 924
8 613 339 1020 615
8 464 339 614 613
8 23 338 465 613
8 318 35 466 309
8 18 35 318 309
8 665 34 1012 310
8 466 34 664 309
