7 88 109 125 148
7 193 109 228 143
7 346 132 382 180
7 457 140 495 175
7 847 408 973 538
7 710 484 750 534
7 753 476 794 524
7 318 708 457 856
7 206 731 242 775
7 62 764 100 808
7 815 723 855 768
7 909 780 951 833
6 546 737 582 861
6 685 757 750 833
6 208 467 235 514
6 184 472 205 512
1 551 137 651 294
1 529 122 577 293
1 431 131 529 294
1 326 130 420 291
1 160 98 253 293
1 28 98 151 292
1 474 433 558 602
1 536 427 663 602
1 680 484 758 589
1 752 466 825 590
1 829 395 1009 597
1 19 752 112 883
1 167 731 280 890
1 288 696 471 913
1 802 722 872 877
1 871 770 1006 910
8 285 643 475 916
8 17 640 284 913
8 671 332 826 605
8 449 332 671 606
8 16 332 449 605
8 19 26 313 298
8 529 25 681 296
8 313 25 527 297
8 681 24 1016 298
8 828 329 1013 602
8 786 650 1013 922
8 477 648 784 920
