7 823 57 948 229
7 569 147 619 198
7 519 135 556 182
7 480 140 520 191
7 199 116 233 159
7 149 110 177 147
7 78 121 105 151
7 22 415 186 570
7 439 438 576 574
7 313 459 344 492
7 254 456 283 494
7 617 472 698 560
7 810 425 844 473
7 841 437 874 482
7 906 429 954 478
7 562 751 602 792
7 666 746 691 782
7 732 752 760 790
7 423 795 474 857
6 77 739 139 865
6 146 729 198 873
1 805 36 1011 295
1 540 136 663 299
1 512 123 576 301
1 463 136 556 298
1 371 144 523 300
1 222 99 353 301
1 192 113 257 302
1 130 107 200 300
1 53 110 108 299
1 21 374 221 607
1 170 435 248 606
1 242 453 297 607
1 298 455 372 606
1 394 412 596 606
1 605 455 742 602
1 764 418 847 597
1 830 429 900 599
1 866 426 977 602
1 373 774 497 922
1 535 746 625 916
1 637 742 733 915
1 730 746 791 918
8 501 653 816 925
8 21 652 367 926
8 19 337 388 613
8 386 336 599 610
8 600 335 745 609
8 745 334 1012 609
8 677 31 1013 305
8 369 28 675 302
8 22 26 367 301
8 367 652 496 927
8 813 652 1015 924
