1 31 76 207 296
1 184 89 248 195
1 265 95 338 196
1 365 100 405 159
1 412 117 501 254
1 521 113 664 289
1 737 65 1003 239
1 921 87 992 153
1 28 404 155 599
1 109 419 224 602
1 193 386 275 565
1 286 393 369 556
1 568 427 625 588
1 648 427 694 589
1 824 407 887 595
1 907 411 1016 596
1 64 715 172 907
1 172 710 269 910
1 396 646 500 909
1 519 661 606 909
1 620 659 701 902
1 897 664 1010 902
6 750 713 785 820
6 796 715 838 818
7 826 96 877 160
7 947 90 985 137
7 458 126 503 179
7 547 135 595 186
7 270 108 298 134
7 221 98 250 131
7 49 91 80 133
7 230 400 253 425
7 651 437 671 460
7 591 439 611 462
7 846 419 879 455
7 933 426 963 465
7 95 722 132 765
7 178 719 213 762
7 442 659 474 694
7 542 675 576 711
7 634 671 669 708
8 24 640 387 916
8 715 639 1022 915
8 388 638 716 916
8 20 329 387 607
8 791 326 1027 599
8 384 326 803 604
8 408 23 676 296
8 20 23 406 298
8 678 22 1025 299
