1 81 69 193 288
1 186 86 283 288
1 316 145 383 290
1 459 83 599 281
1 770 91 894 286
1 877 95 1016 295
1 658 102 714 249
1 699 99 763 245
1 26 419 142 531
1 190 388 291 537
1 279 379 350 597
1 382 432 551 561
1 538 376 635 589
1 665 476 755 599
1 760 400 964 592
1 899 385 1003 534
1 85 658 182 912
1 155 673 202 743
1 332 722 448 899
1 407 717 488 864
1 470 730 648 913
1 617 676 720 806
1 694 713 779 814
1 795 661 911 808
1 918 698 1015 809
7 121 75 158 118
7 207 101 234 133
7 327 162 382 231
7 507 93 558 140
7 795 106 863 180
7 890 144 980 237
7 64 423 110 473
7 197 398 232 440
7 287 397 317 438
7 488 438 531 492
7 791 414 851 486
7 930 389 965 430
7 665 502 725 573
7 377 732 414 775
7 429 723 461 763
7 507 735 542 781
7 649 679 682 722
7 731 723 762 768
7 835 667 874 710
7 936 703 974 747
8 786 641 1020 917
8 328 641 785 917
8 18 641 328 917
8 21 330 362 607
8 361 329 638 603
8 757 328 1019 602
8 637 328 758 602
8 765 22 1020 296
8 424 22 765 295
8 312 22 423 295
8 23 21 310 296
