7 844 45 865 68
7 907 39 926 63
7 425 62 458 92
7 496 70 527 104
7 242 89 270 120
7 186 104 206 129
7 158 398 191 435
7 477 398 505 432
7 543 407 571 438
1 137 90 217 298
1 186 84 301 295
1 381 58 457 298
1 463 61 587 287
1 825 37 891 201
1 883 36 962 194
1 146 394 231 613
1 103 395 150 559
1 224 388 321 610
1 286 386 350 612
1 412 394 528 599
1 514 401 604 583
1 645 397 749 608
1 749 401 857 604
6 404 406 435 520
8 18 689 267 922
8 681 647 1022 920
8 269 647 678 921
8 24 344 395 619
8 351 29 681 302
8 22 29 350 304
8 684 28 1015 303
8 396 345 621 614
8 626 342 1010 614
