7 58 85 89 124
7 131 78 164 117
7 256 112 287 148
7 402 70 433 104
7 534 74 565 108
7 633 74 661 102
7 830 86 871 124
7 902 92 936 128
7 171 385 203 431
7 524 361 550 391
7 574 362 604 388
7 870 373 910 417
7 925 377 966 433
7 638 714 769 835
7 879 769 931 830
7 938 792 993 845
7 526 794 563 843
7 461 799 507 842
7 423 787 462 828
7 207 709 231 740
7 239 722 268 745
7 289 714 320 747
6 31 729 67 857
6 61 740 115 864
6 102 740 144 854
6 131 735 167 850
6 358 344 394 426
6 387 346 417 406
1 498 525 771 609
1 866 375 976 598
1 811 354 919 605
1 484 348 574 546
1 566 347 704 506
1 370 357 492 593
1 24 372 265 589
1 125 393 340 544
1 18 68 112 298
1 108 65 203 301
1 170 100 326 298
1 361 66 458 286
1 501 63 624 296
1 615 63 679 247
1 644 92 745 254
1 758 65 928 298
1 896 63 1014 298
1 186 707 238 907
1 223 711 279 898
1 269 704 339 913
1 398 780 462 912
1 458 784 522 910
1 526 780 587 911
1 595 643 835 912
1 846 758 933 910
1 923 769 1013 896
8 383 642 589 919
8 15 642 383 918
8 795 335 1017 610
8 348 334 794 610
8 740 28 1018 304
8 15 27 350 304
8 351 26 754 302
8 589 644 838 914
8 838 639 1017 913
8 17 334 348 607
