7 410 122 441 158
7 489 144 518 177
7 585 144 632 192
7 661 163 721 218
7 82 76 108 98
7 929 112 963 150
7 231 406 331 510
7 90 404 133 449
7 741 422 796 485
7 889 408 949 474
7 119 721 144 757
7 217 711 249 743
7 452 786 513 856
7 559 763 638 849
7 779 702 808 740
7 872 711 907 750
1 58 66 125 249
1 221 114 322 231
1 365 111 457 304
1 464 125 542 302
1 569 135 661 302
1 635 128 769 305
1 769 96 922 300
1 898 104 1013 263
1 227 365 414 609
1 43 390 163 606
1 697 387 830 609
1 836 391 1016 605
1 93 706 162 920
1 195 701 308 866
1 404 748 518 920
1 561 748 693 920
1 750 697 832 913
1 857 702 951 913
8 394 652 693 925
8 695 651 1019 927
8 21 651 391 926
8 671 343 1023 617
8 422 341 669 615
8 17 336 420 613
8 770 36 1017 310
8 568 35 769 306
8 354 31 567 305
8 17 30 351 307
