1 75 77 214 296
1 17 75 68 300
1 182 150 256 244
1 243 80 355 261
1 328 153 400 293
1 451 69 649 284
1 733 24 903 253
1 693 218 979 301
1 32 360 198 561
1 28 513 292 609
1 370 425 502 611
1 797 395 1019 608
1 207 722 320 917
1 315 733 408 917
1 382 730 488 917
1 505 728 667 919
1 631 729 684 876
1 723 697 851 912
1 800 685 877 904
1 885 688 998 913
7 809 34 853 70
7 876 420 971 523
7 264 88 302 136
7 539 87 577 131
7 20 80 57 133
7 111 379 161 429
7 262 734 297 775
7 342 740 377 783
7 384 736 414 783
7 519 750 617 864
7 809 688 847 734
7 930 702 964 740
8 27 733 164 923
8 506 649 717 921
8 719 648 1021 922
8 167 648 503 920
8 371 338 567 612
8 797 337 1023 612
8 25 337 368 614
8 664 27 1021 303
8 17 26 407 303
8 407 25 664 302
8 565 339 795 612
