1 434 105 531 295
1 698 41 846 287
1 834 35 958 295
1 30 341 136 558
1 161 347 314 548
1 117 470 383 602
1 447 439 576 603
1 570 464 674 604
1 682 392 860 595
1 816 440 953 592
1 270 173 338 293
1 29 707 206 918
1 152 680 312 917
1 338 655 548 903
1 479 669 654 912
1 750 670 892 915
1 807 686 1017 915
7 83 352 107 383
7 219 359 252 387
7 486 117 520 157
7 777 49 814 91
7 881 42 915 81
7 862 451 899 495
7 599 474 641 517
7 499 467 536 505
7 218 708 253 746
7 463 666 497 706
7 560 671 598 716
7 806 677 839 718
8 670 653 1019 923
8 317 648 667 923
8 17 645 313 922
8 679 335 1022 609
8 21 334 445 607
8 666 30 1012 303
8 402 30 664 302
8 18 29 399 303
8 444 334 674 608
