5 61 51 697 340
5 63 319 418 539
5 61 227 109 313
5 781 364 798 386
5 800 364 814 390
5 810 358 832 396
5 828 354 854 380
5 842 362 870 382
5 858 352 896 378
5 882 346 909 372
5 903 333 935 356
5 917 319 959 348
5 951 311 977 348
5 973 307 1012 331
5 1012 291 1044 319
5 1030 279 1070 307
5 1066 265 1102 303
5 1046 295 1086 319
5 1034 317 1070 340
5 1030 335 1066 352
5 1024 352 1056 370
5 1122 582 1133 608
5 1098 592 1116 610
5 892 566 1153 755
5 763 574 923 646
5 892 578 975 636
5 741 610 842 739
5 368 681 876 866
5 41 894 432 1090
5 43 1036 279 1246
5 132 1040 495 1167
5 535 951 616 1048
5 610 975 664 1038
5 656 1011 701 1062
5 709 1032 749 1062
5 751 1026 781 1068
5 790 1040 812 1088
5 816 1044 842 1080
5 836 1028 870 1082
5 866 1044 907 1064
5 890 1026 913 1050
5 622 917 703 945
5 675 931 745 977
5 739 957 785 1001
5 775 983 824 1024
5 806 991 860 1036
8 44 44 707 544
8 707 48 1147 544
8 52 548 1147 896
8 44 904 505 1615
8 524 919 1147 1636
