5 116 206 408 388
5 265 309 430 509
5 547 309 703 553
5 493 194 656 561
5 899 301 1003 388
5 1007 287 1100 364
5 283 1371 481 1570
5 358 1554 469 1625
5 860 1433 1026 1639
5 1012 1498 1143 1613
7 777 1227 832 1304
7 943 775 997 828
7 1003 745 1042 785
7 162 812 214 896
7 164 757 208 802
7 73 1235 116 1274
1 927 765 1020 1016
1 995 733 1096 951
1 81 814 208 967
1 65 899 190 1011
1 134 721 190 856
1 85 735 138 802
1 67 675 128 753
1 51 1201 156 1536
1 618 1227 826 1597
8 43 1111 488 1638
8 48 578 596 1096
8 607 570 1156 1097
8 496 49 716 566
8 49 43 481 567
8 690 41 1153 563
8 608 1108 1155 1634
