1 49 116 408 537
1 717 198 953 564
1 602 701 929 1100
1 842 654 1016 1088
1 335 747 596 1098
1 172 995 335 1090
1 85 751 208 846
1 37 848 138 943
1 138 880 222 985
1 41 961 178 1082
1 220 755 342 1007
1 79 1215 259 1593
1 239 1236 372 1599
1 321 1292 434 1595
1 442 1308 612 1635
1 610 1296 705 1651
5 745 1276 941 1637
5 957 1439 1122 1635
7 862 202 947 311
7 186 146 263 301
7 93 761 160 810
7 69 983 112 1032
7 243 1007 289 1082
7 923 650 979 739
7 150 1242 194 1314
7 499 1348 559 1435
7 626 1338 679 1425
8 609 571 1164 1103
8 49 48 683 564
8 694 43 1156 566
8 44 572 597 1095
8 48 1110 438 1640
8 438 1115 724 1640
8 737 1115 1149 1626
7 803 717 859 795
7 378 1303 428 1368
7 320 1261 365 1310
7 267 863 327 936
7 331 747 389 835
