5 527 204 767 509
5 562 430 727 570
5 804 400 884 511
5 886 255 1151 489
5 644 864 771 1068
5 586 1003 656 1096
5 47 390 354 576
5 186 289 313 384
5 436 1453 640 1625
5 697 1512 899 1615
5 923 1518 1112 1623
5 553 1310 634 1421
5 428 1213 555 1336
1 218 814 414 1094
1 53 733 281 1084
1 836 662 1082 1070
6 1038 1159 1135 1320
7 894 697 955 773
7 329 822 396 917
7 208 753 279 834
8 416 1109 1159 1637
8 43 1106 408 1646
8 589 580 1152 1096
8 40 576 584 1096
8 50 166 452 566
8 464 46 776 564
8 775 48 1151 561
