5 192 374 412 600
5 368 384 531 602
5 513 487 576 594
5 281 907 582 1104
5 566 832 739 1034
5 461 761 535 830
5 402 886 570 981
5 493 951 568 1011
5 87 1411 305 1591
5 285 1488 350 1554
5 287 1425 467 1629
5 432 1522 551 1619
5 517 1516 586 1609
5 453 1466 547 1524
5 620 1488 721 1575
5 634 1314 901 1627
5 868 1326 1143 1607
5 1098 1536 1155 1615
5 872 1478 955 1585
1 616 259 935 604
1 41 247 202 598
1 51 731 374 965
1 398 1177 568 1369
7 735 289 802 360
7 144 291 188 338
7 116 759 188 828
7 828 729 907 794
7 537 1179 570 1252
7 101 1296 140 1342
1 820 699 1086 979
1 39 1262 239 1427
8 615 1131 1157 1628
8 41 1131 587 1630
8 42 625 1158 1102
8 618 138 1158 604
8 42 137 586 603
