7 297 650 338 737
7 810 705 898 771
7 999 697 1084 773
7 646 757 711 892
7 689 1131 779 1215
7 400 1407 475 1488
7 174 1324 239 1403
7 101 614 150 668
1 269 186 325 289
1 97 604 170 967
1 73 644 442 1139
1 596 660 921 1032
1 777 628 1078 1030
1 969 648 1145 1022
1 679 1118 1046 1607
1 368 1353 562 1627
1 182 1349 438 1629
1 33 1324 214 1635
1 152 1298 325 1562
8 45 1187 656 1637
8 584 1034 1080 1613
8 52 50 593 548
8 593 46 1158 548
8 50 571 1157 1179
5 213 213 393 462
1 982 421 1048 548
6 775 385 879 488
6 864 385 906 447
