1 124 114 243 479
1 178 192 325 606
1 301 174 392 561
1 388 166 503 507
1 475 212 533 515
1 547 190 626 283
1 925 184 995 263
1 949 218 1048 467
1 886 683 1116 979
1 727 697 888 979
1 469 725 555 1028
1 287 695 430 1030
1 160 749 235 892
1 128 675 239 1009
1 511 1125 745 1540
1 658 1193 828 1649
5 822 222 981 459
5 527 243 636 376
5 790 1064 1171 1617
8 46 47 750 623
8 758 41 1136 526
8 649 531 1164 996
8 48 606 615 1039
8 39 1025 1160 1628
7 775 724 835 793
7 919 700 973 786
7 325 696 365 760
7 168 694 211 739
7 484 728 533 786
7 619 1164 685 1233
7 681 1250 733 1319
