5 769 69 985 265
5 741 269 911 463
5 921 222 1078 390
5 963 422 1120 545
5 499 218 731 561
5 329 291 477 507
5 55 247 354 561
5 51 85 237 291
5 41 872 283 1096
5 285 878 440 1066
5 289 781 400 882
5 194 612 372 709
5 210 1478 406 1591
1 848 804 1141 1094
1 584 666 701 941
1 517 717 588 886
1 614 1179 848 1591
1 820 1209 1048 1593
1 101 1205 174 1369
1 170 1173 235 1336
1 85 1231 325 1572
5 273 1070 497 1173
7 961 957 1100 1096
7 247 1276 289 1336
8 740 50 1147 566
8 491 48 736 564
8 49 45 478 565
8 50 576 507 1095
8 522 580 1149 1095
8 486 1104 1151 1643
8 44 1110 475 1643
