6 340 116 461 360
6 689 162 751 214
6 741 172 818 253
6 963 222 989 255
6 1001 224 1030 265
6 1018 220 1064 255
1 779 178 929 406
1 233 636 434 953
1 735 580 888 868
1 67 1338 333 1619
1 915 1225 1072 1391
5 844 231 933 297
5 878 802 947 864
5 975 796 1040 852
5 241 723 368 826
5 309 1296 428 1367
5 406 1276 505 1348
5 779 1393 901 1492
5 874 1445 977 1540
7 237 648 307 703
7 781 634 834 666
7 180 1365 245 1460
7 937 1258 991 1306
8 45 1030 672 1636
8 695 1015 1155 1637
8 614 582 1152 986
8 42 460 587 1011
8 596 47 1154 424
8 41 39 565 438
