1 820 140 995 331
1 656 257 816 434
1 852 440 1007 731
1 1007 491 1078 648
1 1068 475 1122 622
1 31 218 166 414
1 118 279 273 430
1 271 307 386 432
1 344 337 485 656
1 154 977 257 1133
1 227 989 281 1064
1 269 1014 337 1092
1 358 864 513 1278
1 495 975 543 1125
1 531 1032 590 1155
1 67 1050 136 1137
1 975 993 1082 1173
1 899 1080 963 1175
7 190 313 222 346
7 896 469 947 537
7 880 162 933 224
7 73 241 120 291
7 305 313 350 350
7 370 368 422 426
7 372 957 444 999
7 170 1005 216 1048
7 277 1011 311 1050
7 85 1062 122 1112
7 118 1032 140 1058
7 553 1052 586 1086
7 509 1011 533 1050
5 735 1292 884 1472
5 850 1276 1020 1447
5 120 1258 208 1490
5 283 1131 364 1334
8 663 1279 1163 1632
8 654 745 1155 1182
8 46 722 623 1635
8 607 434 1155 715
8 41 43 569 720
8 599 46 1155 415
