5 227 321 366 547
5 352 410 455 533
5 701 241 753 358
5 733 295 777 364
5 545 1292 945 1482
5 695 1209 794 1294
1 818 188 1129 503
1 53 200 259 561
1 220 650 400 1096
1 57 737 225 1078
1 438 878 648 1038
1 578 798 687 1020
1 745 832 1042 1082
1 773 737 1139 957
1 152 1161 317 1486
1 285 1258 418 1498
1 25 1453 471 1605
6 1092 1187 1135 1274
8 28 1102 504 1635
8 513 1100 1152 1640
8 48 598 419 1089
8 44 45 502 565
8 509 43 1147 563
8 694 619 1153 1087
8 417 703 688 1091
7 179 237 249 303
7 318 638 365 717
7 162 747 243 848
7 816 771 879 835
7 207 1179 271 1265
7 327 1274 391 1342
7 357 1510 415 1574
7 932 245 996 305
