1 59 164 164 477
1 285 184 449 547
1 915 99 1139 430
1 231 555 471 931
1 656 555 876 1030
1 679 709 1036 1044
1 63 1066 281 1486
5 483 313 636 535
5 701 251 896 479
5 59 650 237 1024
5 521 743 729 1042
5 225 1316 390 1530
5 691 1125 1151 1593
7 99 184 136 212
7 313 212 366 263
7 975 132 1012 180
7 239 612 323 715
7 747 580 785 634
7 828 747 880 818
7 128 1104 166 1139
5 594 1062 654 1106
5 656 1094 709 1125
5 711 1074 753 1106
5 757 1068 810 1102
8 44 44 668 550
8 668 46 1147 535
8 477 535 1147 1029
8 43 559 477 1029
8 48 1031 584 1623
8 584 1050 1153 1623
