5 124 112 202 210
5 580 251 777 459
5 630 420 802 566
5 1012 436 1131 559
5 876 206 1062 424
5 89 846 362 1094
5 269 993 368 1112
1 142 483 325 709
1 654 931 832 1106
1 806 947 888 1106
1 876 903 979 1088
1 1038 901 1147 1090
1 51 1338 140 1593
1 75 1466 186 1637
1 146 1316 249 1641
1 227 1355 434 1649
1 263 1516 352 1643
1 378 1348 483 1647
1 509 1397 650 1659
1 519 1276 652 1573
1 630 1262 731 1534
1 723 1250 864 1544
1 836 1278 1026 1476
1 783 1375 1104 1603
8 533 576 1156 1109
8 45 45 509 713
8 520 43 813 573
8 823 42 1158 574
8 46 718 527 1125
8 501 1121 1145 1645
8 44 1121 498 1643
