1 170 176 293 487
1 291 277 376 453
1 860 289 969 521
1 939 120 1112 505
1 249 632 410 927
1 348 1090 535 1371
1 638 1020 739 1127
1 771 955 882 1199
6 45 241 138 463
6 388 317 479 503
6 487 229 553 378
6 602 297 660 444
6 725 620 796 691
6 794 580 884 689
5 67 624 132 715
5 101 679 172 731
5 136 699 241 769
5 162 638 269 703
5 636 786 695 848
5 642 828 713 921
5 699 834 767 925
5 735 779 852 848
5 794 812 941 888
5 794 876 943 935
5 1014 870 1114 935
5 235 1332 358 1554
5 342 1306 434 1502
5 51 1502 164 1629
5 898 222 947 279
7 997 158 1034 198
7 892 319 929 350
7 804 995 856 1048
6 545 305 656 489
6 683 1514 747 1627
6 745 1516 800 1631
6 804 1516 878 1623
8 546 1234 1172 1639
8 45 950 544 1638
8 560 941 1155 1233
8 572 545 1158 936
8 44 531 568 935
8 675 47 1161 525
8 43 47 681 524
