5 229 269 519 448
5 116 850 378 1020
5 390 909 675 1042
5 771 1183 941 1609
5 103 1242 212 1478
1 136 162 285 471
1 249 144 424 553
1 707 251 898 564
1 862 321 1118 570
1 612 731 810 1032
1 436 715 588 937
1 814 717 913 886
1 919 711 1012 882
1 547 1165 739 1494
1 184 1336 594 1633
8 48 1089 775 1637
8 44 48 670 587
8 670 54 1151 587
8 820 586 1151 1072
8 393 591 823 1063
8 58 612 387 1070
8 760 1097 1166 1628
5 1022 799 1153 923
7 337 170 381 224
7 215 179 262 228
7 788 282 842 350
7 969 342 1022 402
7 642 750 688 806
7 516 739 572 786
7 278 1348 387 1467
