5 41 331 313 564
5 350 340 449 418
5 644 394 790 555
5 955 388 1175 572
5 190 1415 366 1560
5 338 1359 559 1566
5 769 1480 812 1577
5 802 1488 858 1577
1 668 1177 739 1236
1 747 1213 794 1294
1 792 1181 826 1286
1 816 1205 860 1292
1 856 1205 915 1320
1 892 1205 953 1306
1 941 1205 983 1296
1 971 1193 1022 1296
1 1018 1209 1064 1314
1 1048 1187 1114 1304
1 658 1282 703 1346
1 610 1334 662 1413
5 350 771 475 866
5 299 769 392 868
8 592 1024 1160 1643
8 46 998 591 1634
8 43 623 1156 983
8 605 48 1155 605
8 39 45 598 618
