5 723 71 899 406
5 886 99 1114 418
5 725 529 1157 941
5 45 521 519 1102
5 243 1316 449 1572
5 475 1292 622 1468
5 580 1262 725 1445
5 664 1296 844 1415
5 792 1318 915 1427
5 640 1167 785 1284
5 814 1169 899 1244
5 911 1177 995 1221
5 981 1185 1050 1231
5 1030 1171 1102 1236
5 1090 1175 1133 1205
5 894 1219 1005 1292
5 513 1474 557 1534
5 555 1522 616 1577
5 620 1512 679 1542
5 674 1524 709 1566
5 721 1486 763 1512
5 741 1512 783 1538
5 777 1460 810 1488
5 796 1466 840 1502
5 836 1447 878 1484
8 50 47 1154 454
8 48 501 690 1151
8 690 505 1157 1153
8 39 1160 1151 1634
