7 224 168 279 271
7 763 229 796 291
7 884 166 937 227
7 884 838 929 907
7 1022 880 1074 957
7 91 1498 162 1609
7 251 1532 293 1631
7 1018 1254 1054 1326
1 838 130 1106 497
1 658 204 872 511
1 73 158 344 555
1 237 781 352 1032
1 329 808 412 991
1 785 822 971 1074
1 961 852 1120 1082
1 911 1231 1137 1522
1 479 1280 721 1633
1 212 1460 333 1635
1 49 1488 192 1641
5 525 699 636 844
5 610 763 687 830
5 741 1167 949 1528
8 48 1110 408 1643
8 419 1100 1160 1641
8 781 588 1150 1098
8 52 42 399 568
8 567 43 1149 572
8 213 578 763 1100
