5 184 1314 352 1546
5 446 1058 612 1379
5 822 1250 1030 1581
5 65 174 93 194
5 87 178 116 210
5 107 172 134 190
5 118 198 144 224
5 124 172 154 200
5 138 164 168 196
5 168 166 208 184
5 208 168 255 196
5 178 180 229 218
5 142 194 196 225
5 263 174 323 218
5 243 128 301 168
5 323 140 380 176
5 333 182 388 229
5 384 172 436 237
5 440 156 511 222
5 517 196 580 261
5 588 168 660 220
5 675 198 767 279
5 338 95 392 146
5 378 105 428 146
5 388 63 438 103
5 442 67 517 120
5 541 51 604 109
5 612 55 693 122
5 717 51 824 112
1 227 681 358 939
1 47 674 249 1003
1 547 677 650 872
1 806 687 945 856
8 46 48 1155 517
8 48 509 526 1009
8 526 512 1155 1009
8 44 1007 368 1597
8 372 1011 685 1626
8 685 1011 1145 1613
