1 275 239 329 523
1 319 214 376 473
1 356 216 412 483
1 444 138 509 279
1 404 192 521 471
1 493 128 586 457
1 568 148 709 444
1 761 164 868 293
1 878 231 935 307
1 705 225 771 299
1 51 703 384 1092
1 344 1314 562 1643
1 493 1494 630 1629
1 644 1476 739 1548
1 783 1336 907 1532
1 915 1348 1058 1536
1 1048 1260 1143 1538
5 380 818 564 1066
5 317 888 398 1007
1 933 854 1022 911
1 862 864 911 919
1 884 864 947 937
7 634 168 679 239
7 525 176 562 222
7 130 717 227 792
7 495 1326 541 1411
7 654 1482 709 1534
7 798 1359 846 1393
7 939 1367 993 1415
7 1052 1280 1110 1342
8 44 1116 1186 1646
8 583 580 1157 1104
8 41 580 574 1101
8 45 40 1129 567
