7 33 33 115 153
7 101 278 162 353
7 225 269 271 323
7 617 218 666 274
7 818 162 874 230
7 129 666 169 701
7 218 655 269 715
7 428 641 468 690
7 510 666 671 793
7 299 1115 391 1201
7 570 1059 626 1159
7 647 1171 692 1259
7 709 1042 760 1094
1 15 12 127 171
1 31 262 202 466
1 174 225 358 459
1 381 225 479 459
1 494 146 751 463
1 764 153 944 452
1 87 601 195 790
1 183 613 428 902
1 388 601 487 902
1 489 554 940 902
1 239 1061 479 1358
1 494 1040 620 1357
1 519 1120 711 1362
1 682 1031 781 1325
1 758 1023 860 1313
1 846 1030 958 1259
1 75 1061 155 1227
1 150 1037 204 1215
1 195 1050 239 1218
1 26 1056 69 1204
8 492 925 948 1363
8 30 924 477 1363
8 29 479 477 905
8 492 477 948 906
8 18 25 476 465
8 493 24 946 461
