7 31 100 82 155
7 384 206 455 282
7 786 259 897 358
7 232 723 312 809
7 375 705 407 754
7 458 749 604 910
7 853 700 901 746
7 37 1195 151 1306
7 201 1195 250 1259
7 225 1250 276 1313
7 268 1195 313 1273
7 421 1190 465 1227
7 474 1089 534 1139
7 649 1171 739 1264
7 765 1142 903 1303
1 24 70 160 243
1 264 156 467 444
1 634 188 938 462
1 21 719 317 922
1 322 675 439 931
1 377 714 622 922
1 640 654 839 924
1 761 673 901 924
1 22 1091 208 1386
1 386 1167 574 1395
1 467 1065 622 1382
1 638 1109 760 1388
1 724 1089 936 1388
6 33 604 137 700
6 102 559 213 659
6 744 747 804 825
6 839 733 947 857
7 537 35 569 61
1 485 21 576 167
6 664 111 740 190
8 639 940 938 1387
8 328 938 624 1385
8 21 937 315 1384
8 328 478 625 925
8 20 478 314 926
8 640 477 938 927
8 485 18 939 462
8 22 18 479 463
