7 160 672 223 730
7 306 635 332 654
7 499 610 556 667
7 626 533 652 561
7 209 608 241 633
7 61 1096 105 1144
7 121 1112 163 1158
7 177 1128 221 1166
7 308 1115 415 1223
7 542 1156 619 1244
6 293 550 337 619
6 323 545 359 612
6 350 531 383 607
6 373 519 408 593
6 410 508 432 579
6 422 506 462 563
6 452 483 494 568
1 102 652 341 890
1 193 591 285 689
1 292 623 355 732
1 348 587 564 793
1 557 524 668 607
1 40 1078 112 1212
1 47 1098 163 1342
1 161 1096 228 1385
1 202 1080 445 1383
1 508 1108 633 1400
1 663 1064 962 1372
8 40 944 500 1382
8 510 942 965 1380
8 26 49 966 938
7 714 1132 879 1278
