6 31 844 102 920
7 312 199 435 328
7 527 153 594 229
7 827 160 903 223
7 114 657 183 719
7 412 737 449 768
7 472 753 569 867
7 737 675 768 712
7 784 663 828 705
7 864 689 895 731
7 888 747 950 816
7 91 1116 135 1162
7 208 1192 308 1287
7 398 1199 458 1308
7 541 1197 583 1245
7 807 1232 936 1351
7 700 1047 730 1075
7 751 1058 772 1082
1 84 190 465 458
1 493 121 684 462
1 753 151 945 455
1 24 601 253 929
6 255 721 326 869
1 345 709 472 931
1 481 710 636 931
1 730 626 779 795
1 781 627 834 800
1 760 663 897 934
1 765 709 952 936
1 26 1089 192 1384
1 26 1134 329 1388
1 338 1128 456 1391
1 490 1174 640 1382
1 663 1030 754 1157
1 744 1047 798 1176
8 653 941 949 1387
8 341 941 652 1386
8 29 941 327 1387
8 27 482 338 928
8 340 479 636 928
8 652 477 948 928
8 26 21 476 466
8 493 19 948 463
6 230 106 308 206
6 131 871 180 928
1 686 1204 948 1384
