1 33 133 382 460
1 291 168 483 460
1 505 154 712 446
1 712 350 856 460
1 821 331 946 456
7 78 133 194 225
7 387 182 437 271
1 29 609 213 900
1 135 689 314 900
1 316 606 474 905
7 224 707 286 776
7 371 609 477 689
7 609 206 665 250
7 872 328 926 377
7 547 613 594 658
7 759 597 825 649
7 172 1058 248 1141
7 297 1113 356 1178
7 516 1047 562 1092
7 752 1039 781 1073
1 503 601 670 872
1 724 582 946 860
1 24 1037 244 1358
1 220 1098 479 1358
1 498 1026 677 1362
1 717 1018 807 1358
8 493 923 946 1364
8 20 921 477 1360
8 497 476 949 905
8 26 475 480 904
8 500 25 952 461
8 31 23 484 462
7 88 679 211 779
