1 36 160 285 456
1 237 242 378 458
1 404 122 598 432
1 705 280 842 435
1 823 153 944 458
1 866 150 942 406
1 617 173 750 454
1 622 223 750 454
1 32 624 368 897
1 422 557 581 897
1 634 607 754 871
1 733 574 820 878
1 804 570 897 882
1 856 562 944 896
1 46 1058 153 1266
1 183 1096 349 1300
1 330 1057 382 1254
1 361 1036 429 1233
1 411 1074 546 1269
1 569 1055 769 1297
1 775 1110 913 1304
1 903 1091 946 1294
7 480 176 546 223
7 159 686 280 814
7 503 678 538 724
7 607 1063 647 1105
7 911 1124 939 1160
7 683 624 711 653
7 752 591 787 645
7 826 607 852 647
7 882 569 918 612
7 832 226 884 271
7 870 176 913 237
7 676 192 717 240
7 704 245 733 278
7 311 316 359 358
7 188 173 235 240
7 108 1088 150 1138
7 470 1103 522 1127
7 832 1124 880 1174
8 564 921 950 1359
8 27 916 551 1357
8 414 477 950 904
8 29 475 401 902
8 617 25 951 460
8 397 25 603 459
8 32 20 383 460
