1 479 159 639 456
1 483 611 625 891
1 628 613 849 889
1 780 590 912 870
1 31 1125 168 1356
1 328 1139 458 1356
1 154 1103 361 1358
1 33 205 154 383
1 203 238 326 397
1 132 227 236 380
1 26 568 210 884
1 149 549 406 870
1 507 172 809 456
1 755 175 906 456
7 811 213 886 257
7 512 196 597 250
7 139 602 180 646
7 205 613 278 655
7 298 561 364 637
1 135 578 450 886
7 224 1184 278 1242
7 39 1164 133 1247
7 352 1179 446 1240
7 531 1122 580 1219
7 721 1101 811 1195
7 794 1146 906 1237
1 540 1054 849 1353
1 611 1096 913 1355
8 481 927 916 1361
8 28 925 463 1361
8 480 476 914 910
8 27 475 463 908
8 26 25 461 459
8 477 24 912 462
