1 148 157 296 346
1 28 666 312 920
1 339 691 450 920
1 475 745 634 922
1 668 671 761 837
1 731 668 881 920
1 646 206 855 448
1 763 106 942 454
1 35 1087 215 1383
1 199 1092 473 1382
1 494 1104 689 1380
1 652 1140 943 1382
7 853 143 904 212
7 671 229 721 284
7 88 712 125 754
7 364 722 408 767
7 514 770 570 827
7 152 1145 199 1193
7 272 1170 346 1244
7 535 1223 585 1281
1 314 314 448 441
1 473 312 595 440
1 556 311 629 417
7 790 715 836 775
8 495 941 948 1385
8 27 480 319 927
8 335 478 633 927
8 649 476 947 925
8 26 19 631 464
8 645 16 946 461
8 28 942 474 1387
