7 813 204 884 275
7 384 164 565 302
7 306 693 370 821
7 434 685 475 750
7 83 726 136 769
7 771 622 802 671
7 878 1076 932 1145
7 216 1039 257 1088
7 347 1067 448 1166
7 517 1079 548 1134
1 766 181 949 418
1 361 24 576 454
1 39 266 136 446
1 153 231 242 420
6 219 209 281 349
1 32 705 243 896
1 259 688 477 899
1 65 998 261 1321
1 257 1050 480 1351
1 505 1055 647 1295
1 731 1074 849 1200
1 712 1031 954 1351
7 797 1086 826 1129
1 567 640 685 887
1 522 636 605 884
1 882 653 949 813
1 730 610 890 899
1 607 153 762 377
8 499 920 954 1357
8 29 919 485 1358
8 29 478 483 904
8 500 476 954 904
8 601 24 952 458
8 360 24 585 460
8 28 22 345 459
