7 213 145 266 214
7 693 161 736 221
7 454 639 492 693
7 707 702 752 738
7 879 719 913 768
7 71 1146 152 1215
7 239 1081 353 1215
7 542 1123 596 1194
7 696 1092 778 1194
1 38 88 214 459
1 194 100 464 455
1 683 110 924 455
6 490 258 586 419
1 34 605 253 915
1 247 761 322 913
1 436 612 613 905
1 629 653 757 910
1 816 676 925 901
1 38 1081 246 1360
1 182 1028 473 1360
1 487 1073 594 1367
1 591 1059 924 1359
8 34 927 473 1364
8 488 925 929 1361
8 31 474 322 912
8 333 473 615 910
8 630 472 925 909
8 28 22 466 459
8 479 19 919 457
