1 735 155 909 454
1 574 96 709 367
1 497 100 612 348
1 155 108 440 421
1 43 119 343 421
1 172 272 291 419
1 51 581 319 842
1 305 600 379 769
1 379 597 450 769
1 479 592 659 882
1 811 481 909 851
1 63 1122 162 1320
1 150 1078 310 1327
1 298 1077 459 1355
1 483 1063 699 1353
1 709 1039 911 1351
7 195 145 245 193
7 260 148 307 200
7 210 291 253 331
7 745 207 799 262
7 514 160 561 189
7 597 160 638 182
7 96 609 138 649
7 222 1092 258 1144
7 302 1118 345 1187
7 512 1109 578 1201
7 740 1128 823 1235
7 113 1151 139 1185
7 523 605 557 661
7 832 502 880 548
8 479 921 918 1357
8 29 921 463 1361
8 26 472 462 904
8 477 470 915 907
8 28 20 460 454
8 473 16 912 455
