1 65 29 410 451
1 394 48 780 448
1 731 124 903 435
1 76 672 266 901
1 304 683 460 901
1 25 633 133 877
1 153 1058 313 1349
1 100 1063 204 1224
1 32 1051 102 1231
1 622 1095 766 1349
1 775 1152 875 1349
1 333 1098 470 1347
1 437 1084 515 1349
1 525 1143 607 1325
1 460 567 560 845
1 562 603 686 835
1 704 622 885 849
7 193 76 297 147
7 472 100 539 167
7 811 174 837 204
7 162 730 242 802
7 44 705 119 771
7 304 740 340 814
7 237 1091 280 1129
7 449 1121 496 1164
7 337 1153 401 1217
7 659 1129 707 1172
7 825 1127 906 1211
7 788 1204 863 1295
1 826 1117 909 1349
8 330 920 607 1354
8 29 920 315 1355
8 623 919 915 1352
8 26 17 909 453
8 29 470 464 904
8 465 467 908 904
