1 71 239 530 531
1 355 159 606 528
7 558 157 608 228
7 443 159 513 211
1 616 97 803 339
1 872 48 1121 456
1 1009 189 1168 456
1 790 374 1176 526
1 625 108 921 526
7 1082 271 1172 344
7 966 103 1054 161
7 631 134 702 200
7 799 378 906 488
1 33 833 202 1281
1 119 895 365 1273
1 301 947 387 1288
1 359 921 475 1266
6 451 1054 560 1277
7 616 1350 724 1556
7 520 887 593 951
7 636 767 721 889
1 250 1200 522 1558
1 35 1251 280 1556
7 355 1316 455 1421
7 166 1423 250 1548
7 314 983 357 1039
7 372 925 428 1007
7 153 882 198 960
7 224 962 277 1022
7 734 846 884 1005
7 1061 852 1174 1000
7 827 1329 927 1464
7 994 1288 1110 1459
1 736 666 977 1037
1 1031 747 1168 1041
1 996 1262 1174 1558
1 736 1155 930 1558
8 733 1049 1182 1564
8 33 623 725 1565
8 729 538 1177 1043
8 29 110 612 533
8 619 19 1180 531
