1 813 131 1171 538
1 845 242 949 502
1 928 242 1032 459
6 517 397 548 446
6 497 395 523 444
7 1043 235 1158 365
7 943 1359 1035 1474
7 760 1261 832 1369
1 811 1342 1107 1587
1 670 1135 875 1580
6 885 949 1035 1054
6 913 847 1073 1056
6 983 849 1167 1066
6 817 838 928 1032
6 727 851 855 1049
6 533 851 711 1054
6 435 841 538 994
6 363 834 459 981
6 201 913 453 1051
6 146 934 273 994
6 22 926 152 1056
6 71 834 128 930
1 444 331 504 534
1 244 1246 310 1397
1 391 1316 502 1501
6 501 1278 608 1499
6 124 1250 180 1497
6 186 1322 256 1476
6 73 1248 124 1495
6 18 1250 75 1476
8 22 544 1176 1055
8 445 144 803 536
8 20 79 436 539
8 812 73 1173 536
8 23 1129 656 1584
8 668 1065 1175 1584
