1 64 240 406 515
1 414 291 674 509
1 718 251 1009 511
1 727 170 1163 511
1 42 663 357 1020
1 683 579 865 1019
1 731 768 1030 1020
1 485 1338 742 1528
1 632 1169 746 1534
1 844 1211 1160 1532
1 753 1171 1022 1537
1 339 680 674 1017
6 205 1202 271 1251
6 551 260 678 461
7 117 306 280 458
7 467 317 540 388
7 811 280 892 366
7 971 245 1022 326
7 119 786 291 945
7 632 1356 685 1435
7 681 1240 733 1292
7 916 1354 1022 1468
8 35 524 675 1024
8 684 521 1165 1021
8 414 111 695 516
8 30 17 408 519
8 702 11 1165 514
8 38 1031 453 1535
8 460 1033 742 1537
8 747 1031 1165 1533
