7 142 295 218 378
7 218 156 270 207
7 119 102 157 129
7 47 797 108 854
7 175 1206 376 1404
7 725 1248 803 1446
7 869 898 944 957
7 982 763 1031 856
7 721 721 814 789
7 443 751 483 812
7 839 359 930 426
7 496 321 593 432
7 1054 390 1132 453
7 369 679 422 725
7 690 207 723 247
7 890 230 919 266
1 422 329 673 496
1 645 329 940 508
1 930 384 1185 512
1 36 786 291 1056
1 110 734 493 1071
1 434 721 512 991
1 352 670 513 778
1 548 190 778 395
1 767 184 837 420
6 850 199 946 394
1 519 633 871 1014
1 523 801 1016 1052
1 887 711 1174 1069
1 51 1136 845 1589
1 715 1140 1180 1583
8 28 1117 1185 1591
8 525 545 1188 1069
8 416 17 1189 545
8 28 12 408 536
8 26 605 515 1058
1 37 204 345 535
1 46 80 199 368
