7 223 1339 326 1452
7 507 907 590 982
7 961 781 1124 998
7 489 669 552 732
7 757 691 796 747
7 166 331 230 384
1 69 311 339 532
1 284 279 489 537
7 496 277 592 387
1 652 305 729 412
6 380 305 511 509
6 54 742 211 869
6 316 867 397 937
6 269 736 356 828
6 251 729 395 822
6 16 727 148 877
1 16 1240 545 1546
1 811 657 1169 1049
1 406 618 637 1043
1 620 629 789 847
1 457 592 751 1045
8 560 1096 1175 1583
8 801 589 1178 1053
8 405 584 797 1049
8 23 12 585 531
8 601 70 1175 539
8 14 582 396 1046
8 17 1090 550 1577
