1 261 308 530 539
1 413 250 524 421
1 449 180 530 299
1 208 246 374 492
1 316 216 421 327
1 24 252 289 541
7 340 338 421 404
7 470 208 506 250
7 103 319 146 364
7 248 285 293 321
7 319 227 366 257
7 163 280 205 314
7 208 246 246 287
7 983 400 1079 524
7 949 276 989 332
7 1123 223 1171 276
7 733 233 799 284
7 611 361 649 436
7 1042 919 1104 987
7 421 1179 515 1294
7 321 769 387 831
7 259 748 306 791
7 75 818 150 891
7 31 835 90 918
7 451 773 492 840
7 240 1322 355 1454
1 981 321 1183 532
1 1104 195 1181 372
1 934 206 1074 400
1 807 154 933 312
1 545 276 709 528
1 714 205 966 539
1 280 1006 707 1585
1 126 1230 575 1587
1 201 724 366 938
1 259 735 513 1170
1 24 756 340 1143
1 364 775 712 1241
1 411 714 594 997
1 26 775 257 1198
1 729 808 919 1064
1 955 893 1179 1057
1 998 1249 1158 1478
1 1126 1222 1181 1356
1 887 1305 1057 1533
1 722 1256 803 1457
8 725 1142 1182 1589
8 726 638 1183 1066
8 21 592 716 1588
8 18 118 535 538
8 542 89 1183 541
