1 1015 135 1178 541
1 909 218 1054 535
6 1005 259 1081 351
7 1047 163 1105 268
7 705 233 746 276
7 780 227 834 415
7 313 156 394 270
7 524 1267 648 1426
1 535 276 802 517
1 665 191 827 438
1 703 77 917 541
1 231 35 524 547
1 864 654 1178 1034
1 674 659 917 1037
1 167 1148 428 1453
1 50 1184 306 1504
1 451 1193 689 1566
7 505 949 659 1047
7 729 682 832 752
1 392 778 674 949
1 114 830 332 1045
1 28 710 216 902
1 31 697 95 847
6 344 782 374 825
6 688 1338 746 1410
6 744 1351 782 1419
6 770 1325 827 1393
6 815 1308 861 1394
6 921 1419 940 1464
8 877 1209 1177 1571
8 451 1148 871 1574
8 40 1063 446 1578
8 531 76 912 544
8 27 32 527 551
8 916 25 1177 539
8 33 555 672 1044
8 681 545 1178 1045
