7 887 1284 1080 1477
7 448 1312 497 1375
7 92 1278 281 1456
7 209 768 331 968
7 873 745 934 804
7 370 353 436 404
7 58 839 174 957
1 32 665 194 1057
1 47 597 410 1057
1 319 308 554 531
1 741 272 894 484
1 881 209 985 488
7 1101 102 1131 145
1 1070 92 1172 508
1 1042 221 1097 495
1 964 228 1040 489
1 662 206 743 495
1 688 715 1046 1051
1 684 671 851 981
1 436 637 590 940
6 471 768 696 1055
1 45 1193 382 1573
1 393 1235 561 1581
1 461 1254 841 1579
1 856 1186 1178 1579
8 854 1069 1178 1584
8 26 90 595 535
8 606 71 1178 536
8 28 539 409 1059
8 421 544 1175 1057
8 32 1070 384 1582
8 391 1070 846 1582
