1 554 57 1036 537
1 229 341 321 543
1 308 362 431 522
1 377 421 420 509
1 423 377 483 528
1 487 395 548 532
1 571 412 625 539
1 14 722 123 1051
1 181 864 252 1036
1 252 802 358 1051
1 526 759 1025 1047
1 548 1340 575 1435
1 569 1340 597 1448
1 601 1344 640 1439
1 448 1336 541 1529
7 651 104 769 205
7 61 748 87 776
7 283 821 302 843
7 436 812 489 884
7 494 698 657 856
7 886 828 927 868
7 108 1278 300 1489
7 752 1372 890 1545
1 63 332 115 548
4 308 233 451 336
4 438 278 556 356
4 41 703 281 1064
8 11 557 1089 1058
8 11 31 1089 549
8 375 1066 1089 1579
8 0 1075 359 1579
1 885 282 1061 534
