1 24 320 187 532
1 208 187 389 515
1 391 198 532 511
1 479 262 620 517
1 247 560 342 753
1 655 451 869 787
1 697 260 841 419
1 817 206 920 397
1 895 187 991 369
1 955 202 1049 350
1 41 940 249 1180
1 290 908 382 1105
1 356 914 453 1113
1 556 792 1034 1180
1 59 1205 305 1579
5 993 1394 1118 1478
7 104 1287 172 1326
7 597 976 745 1096
7 108 974 157 1004
7 271 586 299 612
7 281 239 342 279
7 419 234 451 281
7 549 292 595 333
7 759 282 783 312
7 848 238 877 269
1 987 595 1109 762
8 1 1193 552 1587
8 563 1191 1112 1577
8 619 36 1112 428
8 7 44 642 527
8 561 442 1109 791
8 12 534 548 784
8 12 800 550 1184
8 561 796 1108 1184
