1 16 124 341 533
1 546 239 791 532
1 53 660 380 1099
1 750 800 973 1051
1 726 710 982 960
1 825 665 1084 1030
1 31 1181 367 1564
1 810 1155 953 1438
1 899 1181 1116 1553
7 101 1260 244 1392
7 864 1194 889 1210
7 448 203 530 239
7 495 430 545 511
7 606 335 656 407
7 902 270 953 313
1 960 81 1108 370
6 554 1275 736 1553
6 758 1340 978 1553
6 391 908 552 1027
6 871 341 1080 545
8 385 1075 740 1564
8 759 1073 1123 1575
8 384 557 1117 1057
8 12 36 364 546
8 346 40 793 558
8 752 42 1113 544
8 12 556 362 1057
8 5 1069 371 1567
