1 29 300 124 569
1 133 146 285 569
1 265 336 358 566
1 412 280 495 569
1 399 321 605 562
1 614 441 668 566
1 694 96 935 432
1 783 100 1095 460
1 16 607 291 1110
1 167 714 358 876
1 683 660 974 1104
1 900 842 1104 1156
1 11 1178 211 1557
1 245 1234 382 1401
1 759 1308 1078 1557
1 529 1177 896 1368
7 855 1384 894 1449
7 634 1204 720 1280
7 285 1299 330 1342
7 90 1303 176 1394
7 946 894 989 937
7 826 740 857 809
7 66 766 92 796
7 224 789 241 805
8 12 52 361 573
8 373 50 717 573
8 731 49 1108 473
8 678 485 1104 1164
8 371 659 668 1036
8 8 578 359 1034
8 12 1055 524 1562
8 540 1174 1108 1563
