6 119 253 346 534
6 370 275 562 539
6 887 184 1107 532
1 562 420 709 534
1 811 258 913 534
1 53 737 295 951
1 284 755 482 1023
1 403 748 524 897
1 573 656 891 1049
1 833 751 1079 1059
1 839 1120 1025 1444
1 630 1302 949 1559
1 14 1245 454 1568
7 921 1483 988 1559
7 725 1349 804 1446
7 923 1139 952 1181
7 385 1399 437 1455
7 143 1293 258 1397
7 150 766 201 809
7 299 802 327 841
7 429 755 455 791
7 735 688 770 746
7 578 723 604 755
7 926 777 965 830
7 846 277 882 312
7 597 446 630 487
7 67 452 106 496
8 11 1073 491 1570
8 10 560 548 1057
8 566 543 1114 1053
8 9 41 346 539
8 365 39 703 539
8 719 34 1112 538
8 504 1070 608 1569
8 620 1066 1112 1569
