1 74 296 161 403
1 617 70 661 147
1 678 75 744 156
1 171 306 270 403
1 333 227 436 372
1 421 240 504 393
1 532 265 648 407
1 604 222 660 377
1 677 231 739 281
1 696 263 754 355
5 660 276 735 375
1 72 433 141 622
1 212 520 273 626
5 126 535 229 625
5 695 532 743 596
5 280 777 386 849
1 360 462 432 614
1 274 513 358 627
1 380 518 436 634
1 437 539 517 627
1 579 501 634 599
1 617 493 657 602
1 655 507 691 608
1 688 455 737 589
1 597 477 640 526
1 37 705 147 859
1 156 748 229 855
1 316 690 362 853
1 397 704 449 856
1 537 712 576 832
1 569 664 629 836
1 629 716 670 828
1 682 752 763 855
1 604 811 674 855
1 74 929 130 1079
1 121 945 179 1057
1 194 928 253 1075
1 324 933 518 1080
1 536 914 655 1083
1 664 924 760 1079
7 376 477 407 502
7 97 445 114 470
7 88 725 115 754
7 166 769 197 807
7 388 966 433 1024
7 592 931 613 971
7 687 937 703 976
7 599 670 617 688
7 412 714 429 734
7 338 699 356 716
7 217 952 233 967
7 154 955 171 972
7 93 946 112 967
7 639 729 655 747
7 553 722 565 742
8 525 875 764 1082
8 525 651 765 857
8 278 426 516 630
8 523 198 762 403
8 277 198 516 403
8 31 198 273 405
8 34 425 277 628
8 523 425 763 630
8 34 649 271 853
8 277 649 515 856
8 29 875 271 1079
8 279 875 520 1081
8 608 28 763 151
