1 65 272 225 579
1 227 276 366 583
1 372 380 555 585
1 585 254 756 579
1 758 237 1126 585
1 138 833 262 1059
1 256 783 370 1114
1 431 756 614 1108
1 801 750 931 1112
6 927 756 1078 1074
6 720 752 825 1112
1 56 1387 244 1663
1 221 1330 414 1661
1 449 1413 518 1562
1 598 1330 697 1499
1 862 1405 921 1560
1 1002 1474 1049 1588
6 972 1472 1004 1580
6 1047 1474 1086 1576
7 150 296 205 347
7 278 301 319 345
7 378 416 439 516
7 665 286 707 337
7 772 321 852 508
7 294 807 323 838
7 181 836 221 866
7 475 789 528 870
7 836 770 884 805
7 262 1397 313 1491
7 111 1434 187 1509
7 467 1419 496 1440
5 518 1391 732 1635
5 803 1476 949 1643
8 779 1137 1129 1672
8 53 601 614 1119
8 627 598 1130 1120
8 53 71 561 587
8 578 70 1133 587
8 51 1127 434 1667
8 447 1139 760 1671
