1 113 328 508 587
1 285 237 446 504
1 446 303 547 512
1 570 208 820 591
1 892 225 1118 587
1 74 816 256 1118
1 262 841 394 1118
1 615 934 744 1079
1 663 845 735 973
1 754 944 886 1122
1 907 890 996 973
1 975 936 1072 1128
6 750 957 781 1025
1 1029 884 1132 1122
1 72 1298 491 1672
1 779 1327 969 1542
1 971 1327 1132 1581
1 824 1531 1087 1680
1 675 1506 855 1676
7 646 328 789 547
7 967 274 1033 357
7 173 1351 262 1469
7 791 1355 833 1405
7 841 1560 930 1674
7 690 1539 735 1626
7 994 1358 1031 1407
7 134 847 183 905
7 307 890 345 928
7 688 868 719 899
7 923 905 954 932
7 981 957 1021 1016
7 355 276 396 336
7 477 334 508 380
8 602 1144 1134 1681
8 60 1143 592 1683
8 60 77 548 591
8 561 74 1137 601
8 58 611 396 1118
8 411 611 735 1120
8 751 612 1136 1126
