1 135 308 272 601
1 291 322 376 462
1 366 218 507 588
1 628 310 919 588
1 607 314 718 497
1 815 337 936 489
1 984 341 1136 499
1 151 699 597 1113
1 645 772 772 1117
1 767 782 1127 1125
1 428 1377 638 1669
1 553 1404 776 1673
1 260 1336 360 1673
1 797 1296 909 1567
1 973 1327 1096 1594
5 772 1386 1011 1652
5 928 1411 1142 1648
7 711 332 811 451
7 178 790 453 1100
7 924 849 1019 996
7 690 809 730 857
7 641 1460 765 1621
7 459 1440 636 1642
7 291 1348 318 1379
7 316 347 343 380
7 412 247 441 318
7 867 370 899 403
8 598 611 1140 1130
8 65 611 599 1130
8 65 78 606 599
8 616 77 1138 595
8 62 1140 418 1678
8 436 1149 776 1678
8 794 1145 1138 1678
