1 112 199 364 484
1 784 211 1022 531
1 427 246 511 545
1 496 252 649 572
1 215 674 458 969
1 171 1230 283 1543
1 69 1230 164 1321
1 606 1236 729 1427
1 906 1374 1109 1643
5 769 1268 938 1635
5 975 193 1107 568
5 79 450 327 574
5 81 751 570 1113
5 122 1305 380 1545
5 75 1266 189 1427
5 441 1309 767 1547
7 989 1425 1044 1494
7 452 274 500 325
7 545 295 586 340
7 244 708 293 755
7 900 228 930 266
8 792 1135 1119 1641
8 435 1135 767 1641
8 69 1135 408 1640
8 69 596 573 1111
8 600 594 1113 1110
8 435 75 767 573
8 69 75 409 574
8 791 74 1112 574
