1 69 242 260 566
1 273 291 413 564
1 438 191 592 401
1 450 323 625 560
1 576 258 770 552
1 857 158 1122 564
1 99 664 537 1100
1 654 725 1006 1102
1 607 766 815 1102
1 996 762 1130 1104
1 904 1308 1026 1562
1 1039 1273 1124 1636
7 918 262 1026 395
7 670 287 727 348
7 87 303 228 537
7 321 374 407 497
7 179 772 466 1098
7 802 751 853 837
7 1000 794 1057 878
7 676 823 735 896
8 786 1127 1127 1633
8 426 1126 763 1631
8 85 1125 404 1632
8 84 588 587 1100
8 615 584 1128 1101
8 81 65 410 564
8 435 64 769 564
8 793 63 1126 564
