1 73 271 156 470
1 238 246 311 454
1 499 218 576 434
1 601 144 782 584
1 847 307 1071 590
1 187 725 366 1031
6 69 776 138 943
6 717 326 837 586
6 1018 319 1100 582
1 503 1355 584 1646
1 158 1410 374 1648
1 385 1379 582 1650
1 617 1163 1079 1650
7 713 1302 1014 1642
7 572 808 678 978
1 440 768 753 1128
1 696 837 764 1122
1 804 694 1112 1124
1 959 810 1100 1077
7 866 751 957 931
7 992 847 1043 906
7 313 747 352 790
7 866 342 918 389
7 633 311 731 484
7 309 1481 354 1558
7 393 1452 454 1546
7 529 1405 576 1489
5 73 313 224 548
5 252 234 464 572
5 916 364 1031 592
5 175 819 305 1130
8 73 1151 607 1656
8 608 1145 1118 1652
8 69 615 414 1130
8 436 613 772 1125
8 794 609 1112 1122
8 65 89 573 594
8 601 86 1107 590
