1 60 1263 300 1702
1 337 1390 584 1682
1 745 795 961 1133
1 590 870 766 1137
1 928 834 1129 1124
1 194 760 389 1129
1 364 839 586 1122
1 188 339 339 607
1 321 337 420 594
1 464 306 619 534
1 49 401 377 598
1 716 343 770 598
1 549 418 735 530
1 694 1427 803 1638
1 791 1441 886 1642
6 932 1383 967 1454
5 890 1429 1002 1499
5 938 408 1131 580
5 774 441 928 592
5 55 944 393 1124
6 905 1516 1011 1609
6 793 360 868 569
6 977 327 1081 549
7 754 895 919 1124
7 619 926 720 1087
7 975 909 1114 1098
7 124 1352 277 1667
7 364 1454 486 1620
7 319 785 356 834
7 391 880 538 1102
7 515 319 555 381
7 258 358 302 414
7 733 358 766 420
8 606 1156 1133 1692
8 56 1149 590 1691
8 607 618 1132 1137
8 56 617 604 1135
8 52 82 410 602
8 424 84 767 600
8 780 84 1134 596
