1 59 274 183 587
1 183 288 286 593
1 268 239 383 593
1 439 268 602 589
1 620 360 758 583
1 800 251 948 534
1 913 245 1022 521
1 1039 305 1111 511
1 65 777 214 1022
1 290 746 383 936
1 117 975 398 1113
1 424 820 637 1134
1 571 703 736 872
1 715 705 791 845
1 796 812 958 1132
1 936 761 1117 1128
1 703 1377 1062 1676
1 94 1336 204 1633
1 319 1332 616 1662
7 961 905 1072 1088
7 484 847 544 909
7 818 1443 965 1658
7 478 1367 527 1420
7 144 1363 179 1406
7 109 296 140 340
7 210 315 241 346
7 278 268 315 319
7 967 268 1002 299
7 888 837 936 884
7 1057 319 1084 346
7 637 746 678 781
7 270 981 307 1029
8 624 1148 1122 1685
8 56 75 401 590
8 416 75 771 594
8 784 75 1125 594
8 796 611 1119 1133
8 418 613 777 1127
8 52 613 397 1125
8 52 1143 601 1682
