1 202 216 339 536
1 55 177 165 450
1 364 100 560 509
1 654 130 959 617
1 196 808 333 1057
1 67 877 341 1117
1 443 787 519 1022
1 583 894 705 1110
1 771 759 1016 1117
1 1027 865 1106 1125
1 732 1311 945 1669
1 846 1376 1106 1665
1 869 1200 1053 1432
1 343 1311 435 1505
1 525 1507 681 1657
1 286 1511 503 1651
6 462 1303 544 1495
6 259 1305 329 1483
6 550 239 636 441
6 321 386 621 472
6 122 251 206 441
7 861 151 898 212
7 476 132 513 171
7 261 259 300 298
7 863 781 908 851
7 752 1389 896 1614
7 869 1454 1031 1659
7 894 1266 1029 1417
8 699 1142 1113 1674
8 47 1138 689 1670
8 56 66 1120 601
8 54 610 394 1114
8 413 616 749 1122
8 767 618 1114 1120
