1 37 225 260 396
1 368 286 498 394
1 571 126 800 388
1 902 186 992 387
1 33 496 249 763
1 353 543 491 709
1 549 526 729 740
1 900 588 1010 738
1 42 923 307 1122
1 424 891 495 1021
1 530 831 755 1131
1 813 938 939 1116
1 117 1189 346 1472
1 264 1252 489 1475
1 835 1248 917 1394
1 893 1284 975 1401
7 104 254 156 294
7 415 325 478 368
7 630 152 686 199
7 917 210 954 256
7 169 515 221 554
7 413 558 463 604
7 584 528 627 567
7 943 586 986 647
7 152 923 215 1003
7 439 898 476 939
7 670 865 729 917
7 846 951 887 1005
7 258 1215 323 1267
7 327 1286 374 1336
7 921 1289 943 1319
7 878 1269 904 1300
8 35 1135 1016 1492
8 532 773 1021 1124
8 534 415 1016 759
8 35 415 515 759
8 36 52 516 400
8 534 51 1016 400
8 33 771 516 1117
