1 55 223 317 555
1 331 277 475 549
1 433 231 557 551
1 585 191 819 553
1 817 277 1087 547
1 405 729 609 1091
1 637 559 765 1025
1 47 1325 179 1621
1 161 1275 381 1619
1 415 1163 489 1261
1 513 1245 679 1369
1 793 1247 1091 1623
7 265 265 313 333
7 373 303 431 357
7 459 261 521 325
7 607 269 709 459
7 817 335 927 515
7 487 751 547 839
7 277 1313 345 1407
7 81 1353 135 1419
7 889 1349 1031 1529
5 413 1285 699 1549
5 429 1237 553 1323
8 777 1121 1100 1625
8 415 1120 755 1623
8 58 1120 390 1622
8 781 583 1099 1097
8 57 583 390 1095
8 415 582 753 1096
8 585 57 1101 559
8 57 57 560 560
