1 692 293 786 575
1 538 258 651 583
1 340 406 482 573
1 983 299 1109 464
1 852 367 916 529
1 94 355 135 474
1 131 340 182 478
1 511 782 581 1121
1 363 885 486 1117
1 201 819 349 1115
1 334 825 404 969
1 73 866 203 1117
1 612 938 827 1119
1 829 833 942 1115
1 990 813 1127 1119
6 605 901 661 1010
6 644 891 688 961
6 667 850 735 944
6 920 905 1006 1115
6 445 1497 501 1676
6 509 1493 577 1663
1 829 1374 961 1583
1 684 1425 794 1667
1 230 1388 336 1669
1 367 1407 464 1665
7 215 848 271 895
7 529 813 583 875
7 437 895 478 959
5 928 324 1053 566
8 61 1137 586 1678
8 607 1136 1134 1677
8 64 604 602 1124
8 605 603 1133 1122
8 495 71 1136 584
8 62 71 511 584
