1 539 187 844 525
1 893 337 1082 525
1 138 659 335 919
1 72 834 249 1090
1 486 804 760 1072
1 792 744 1021 1052
1 138 1261 372 1617
1 1038 1247 1112 1579
1 943 1251 1048 1589
1 772 1287 897 1585
1 571 1217 774 1629
6 889 1351 955 1532
7 508 885 589 989
7 140 921 191 987
7 164 710 225 774
7 746 247 808 339
7 955 388 1034 464
7 281 1285 335 1355
7 975 1271 1005 1315
7 1066 1263 1092 1299
8 573 1125 1114 1628
8 61 1125 545 1628
8 424 595 761 1101
8 61 594 400 1100
8 787 593 1116 1101
8 64 69 503 567
8 506 66 1116 567
