6 137 364 189 510
6 187 362 235 535
6 229 362 281 519
6 279 358 333 519
1 496 271 627 475
5 456 366 631 560
5 662 298 800 594
1 600 402 700 562
1 942 318 1021 533
1 810 419 892 592
6 867 435 927 598
5 833 346 1111 592
5 104 983 210 1054
5 162 973 256 1054
5 237 975 296 1052
1 235 946 302 1027
6 131 963 187 1019
6 185 958 235 1019
6 496 908 525 958
6 548 915 583 971
6 575 917 606 952
5 489 929 542 967
5 537 929 569 971
5 562 925 612 990
1 833 915 963 1127
1 942 950 1008 1125
1 1002 831 1129 1119
1 83 1327 346 1661
1 287 1282 560 1663
1 469 1305 569 1536
7 120 1334 175 1371
7 306 1319 350 1380
7 519 1321 546 1361
1 646 1367 819 1692
1 802 1352 936 1669
1 915 1273 1050 1598
5 777 1417 1127 1688
7 948 1286 981 1323
7 827 1375 877 1409
7 658 1388 706 1423
8 610 1149 1136 1690
8 64 1146 592 1688
8 829 694 1138 1131
8 64 102 433 594
8 443 98 795 594
8 801 102 1139 596
8 63 616 476 1128
8 482 618 819 1130
