1 370 171 454 337
1 767 219 863 410
1 859 190 971 410
1 76 609 227 786
1 231 553 353 782
1 332 576 452 784
1 557 630 637 790
1 639 526 851 788
1 68 918 259 1160
1 376 1040 534 1155
1 586 922 689 1160
1 742 979 893 1149
1 947 918 1042 1090
1 120 1340 269 1544
1 238 1273 332 1517
1 374 1286 517 1540
1 597 1363 693 1510
1 704 1338 832 1506
1 786 1317 916 1506
1 567 213 616 282
7 171 962 229 1015
7 618 950 654 985
7 809 989 845 1027
7 420 1306 458 1334
7 286 1292 315 1327
7 217 1355 252 1393
7 360 593 402 635
7 553 672 618 735
7 725 569 771 635
7 309 561 345 599
7 145 612 183 643
7 383 206 429 288
7 800 236 830 271
7 872 211 899 236
7 572 219 588 231
7 454 1069 481 1139
7 1000 937 1023 966
8 557 1179 1052 1547
8 57 1175 543 1546
8 30 810 543 1164
8 556 809 1053 1164
8 57 441 543 796
8 555 438 1053 796
8 556 65 1054 425
8 57 66 544 427
