1 105 181 229 562
1 227 247 357 572
1 367 211 560 564
1 588 291 710 564
1 678 161 895 564
1 87 666 373 913
1 57 828 195 1087
1 415 861 564 1109
1 534 780 756 1107
1 772 830 953 1101
1 766 680 849 808
1 67 1336 265 1638
1 247 1386 399 1638
1 415 1251 600 1634
1 542 1219 766 1634
1 786 1316 1049 1620
1 1033 1398 1109 1628
5 794 1340 1089 1626
5 911 842 1063 1041
5 163 742 387 1073
5 891 311 1097 558
7 297 289 335 349
7 576 838 632 947
7 428 907 530 995
7 824 869 941 1031
7 798 724 838 770
7 586 1290 756 1530
7 460 1328 598 1530
7 291 1418 343 1470
7 1043 1436 1099 1582
7 814 1340 853 1388
8 61 1136 395 1639
8 418 1133 764 1638
8 779 1130 1111 1635
8 58 595 391 1112
8 415 592 760 1110
8 777 589 1104 1107
8 57 68 569 573
8 594 63 1100 567
