5 61 257 280 593
5 523 693 975 1029
5 415 1372 546 1567
5 169 1313 415 1528
1 126 370 411 601
1 460 313 644 601
1 887 288 1098 599
1 769 315 857 609
1 63 846 364 1131
1 347 705 499 994
1 656 347 726 456
1 724 662 861 830
1 265 1247 345 1405
1 527 1374 734 1653
1 785 1299 986 1675
7 331 750 441 896
7 108 865 233 1041
7 646 1415 685 1460
7 910 1348 937 1417
7 914 321 965 372
8 432 1160 755 1667
8 777 1159 1111 1669
8 56 1158 411 1666
8 514 630 1113 1139
8 62 630 493 1137
8 790 105 1116 605
8 461 104 770 604
8 65 103 441 603
