1 98 309 290 430
1 337 197 549 432
1 606 254 775 430
1 809 172 1014 438
1 134 595 299 800
1 343 536 504 804
1 663 587 788 779
1 857 622 967 779
1 180 910 358 1156
1 403 1039 546 1158
1 576 974 756 1154
1 549 872 608 1082
1 908 929 1058 1154
1 751 1300 927 1538
1 172 1270 360 1539
1 62 1319 193 1530
7 174 339 231 390
7 392 229 451 280
7 876 195 914 238
7 686 265 718 305
7 206 618 254 667
7 377 561 405 603
7 276 936 320 997
7 637 980 675 1033
7 792 1319 836 1365
7 286 1295 329 1348
7 92 1338 146 1382
7 961 953 999 984
7 449 1046 506 1107
7 576 915 599 963
7 756 603 783 631
7 891 642 931 671
8 58 1179 1054 1550
8 566 814 1053 1165
8 58 814 549 1164
8 58 445 549 801
8 566 443 1053 800
8 565 74 1055 430
8 58 74 549 432
