1 186 362 524 1141
1 453 530 602 731
1 474 714 810 1035
1 507 959 965 1135
1 979 766 1116 1122
1 839 805 992 1073
6 727 789 772 857
6 785 787 841 865
6 1062 836 1127 1122
6 62 1379 120 1497
6 101 1379 163 1499
6 758 1452 828 1676
1 316 1400 426 1669
1 118 1390 223 1601
1 936 1303 1048 1682
1 609 1427 795 1678
1 455 1396 613 1669
7 526 1464 598 1663
7 677 1452 733 1514
7 470 403 517 482
7 861 747 892 793
1 789 677 961 886
7 963 1344 998 1375
7 350 1425 381 1470
7 1004 810 1031 843
7 1079 859 1108 886
7 789 795 822 845
7 737 805 772 855
7 511 567 553 625
5 72 1448 304 1640
5 126 1553 451 1671
8 63 336 1146 1125
8 56 1138 455 1672
8 467 1142 833 1676
8 849 1134 1144 1676
