1 208 230 418 583
1 373 288 492 568
1 453 290 599 575
1 612 298 696 577
1 723 325 789 575
1 781 232 908 579
1 921 296 1059 583
1 1047 274 1129 589
1 68 793 418 1115
1 51 1370 280 1671
1 286 1426 502 1673
1 441 1360 589 1681
1 521 857 684 1115
6 453 906 517 1067
6 498 915 573 1063
6 690 921 737 1100
6 735 913 770 1084
6 931 869 1016 1108
6 884 880 946 1005
6 785 890 840 1113
1 830 746 921 1125
1 1022 824 1102 1121
1 601 1224 855 1665
1 935 1374 1045 1622
1 758 1403 968 1665
1 1020 1432 1125 1671
7 344 309 418 422
7 430 321 478 377
7 535 292 589 371
7 630 325 674 383
7 830 247 869 288
7 140 830 315 1088
7 987 300 1014 327
7 1077 292 1104 323
7 1053 840 1065 876
7 886 779 898 822
7 74 1395 241 1609
7 373 1475 445 1576
7 490 1389 581 1585
7 1057 1477 1102 1517
8 587 1136 1128 1678
8 52 1136 583 1679
8 206 72 696 587
8 712 70 1131 587
8 782 601 1123 1121
8 432 605 770 1115
8 52 601 426 1119
