5 72 151 402 580
5 804 842 954 962
5 105 1424 327 1624
5 56 1383 155 1476
5 70 1329 207 1420
5 159 1281 228 1385
1 224 340 313 582
1 321 327 402 578
1 450 257 593 582
1 582 304 730 578
1 705 311 792 589
1 945 290 987 441
1 810 418 896 570
1 120 784 282 1109
1 265 887 414 1070
1 365 790 518 1111
1 750 852 796 962
1 852 804 891 906
1 802 1333 1043 1677
1 647 1364 835 1669
1 962 1339 1134 1646
1 369 1292 445 1431
7 522 306 595 410
7 624 365 686 410
7 199 821 248 885
7 404 808 445 877
7 306 908 348 954
7 995 1383 1047 1441
7 761 1395 802 1456
7 840 1366 889 1449
7 752 338 790 501
8 612 1137 1143 1680
8 64 1127 594 1679
8 613 603 1143 1124
8 66 602 596 1121
8 62 74 411 589
8 428 70 793 585
8 803 68 1142 583
