1 32 258 164 572
1 186 289 309 510
1 328 293 473 582
1 785 209 906 430
1 270 637 451 904
1 475 881 611 1097
1 861 773 941 924
1 840 875 926 990
1 635 965 768 1103
1 1000 959 1103 1095
6 92 832 137 912
1 53 1341 301 1654
1 264 1427 391 1658
1 408 1441 565 1652
1 563 1425 766 1660
1 861 1431 922 1599
6 1049 1523 1090 1617
6 1023 1525 1054 1622
7 455 1478 533 1585
7 578 1453 633 1550
7 280 1470 362 1597
7 705 978 725 1012
7 379 654 412 693
7 516 894 551 928
7 1039 984 1066 1019
7 867 902 900 926
7 887 775 908 809
7 367 313 399 358
7 237 305 280 348
7 135 311 168 362
7 96 1441 209 1585
6 937 276 1010 479
5 678 338 926 553
5 186 725 518 1082
5 816 1511 943 1648
8 48 591 612 1105
8 617 581 1131 1108
8 48 51 1128 573
8 46 1119 391 1661
8 400 1125 766 1663
8 780 1123 1123 1659
