7 62 130 100 164
7 138 117 173 155
7 441 124 466 151
7 576 132 607 168
7 727 137 803 216
7 864 131 944 217
7 62 467 162 594
7 245 487 334 598
7 398 449 451 504
7 522 451 547 487
7 825 470 866 513
7 867 510 906 554
7 86 804 138 866
7 174 768 207 797
7 236 768 267 793
7 540 857 576 896
7 851 874 897 928
7 846 794 882 847
1 16 114 102 314
1 95 108 260 311
1 274 144 344 290
1 366 121 504 316
1 510 127 631 314
1 705 113 833 317
1 773 112 982 316
1 19 449 169 666
1 233 449 335 662
1 344 436 497 662
1 475 445 573 639
1 558 451 656 660
1 731 464 879 644
1 766 505 913 659
1 164 749 215 947
1 227 754 325 943
1 20 788 236 1000
1 447 851 574 996
1 473 903 644 1002
1 747 861 910 986
1 772 788 961 921
8 12 712 441 1003
8 15 393 337 670
8 338 391 724 667
8 725 390 980 666
8 705 46 985 320
8 276 46 704 321
8 17 45 274 320
8 438 713 743 1005
8 741 716 982 1003
