1 19 111 118 293
1 29 146 333 365
1 344 227 582 341
1 430 138 538 372
1 587 218 743 373
1 768 190 881 369
1 852 187 983 376
1 26 527 154 739
1 183 541 229 668
1 607 566 651 689
1 643 563 684 697
1 681 565 759 695
1 97 965 147 1096
1 247 998 311 1087
1 388 898 446 1064
1 452 897 559 1074
1 704 905 822 1066
1 870 925 975 1095
6 465 659 482 701
6 491 662 513 705
6 507 658 530 709
6 525 668 554 713
7 62 124 97 164
7 365 272 390 297
7 622 241 707 329
7 817 199 844 229
7 902 220 947 280
7 701 570 716 590
7 109 967 128 986
7 412 926 422 945
7 491 905 513 933
7 780 922 792 953
7 882 947 907 971
8 19 802 388 1104
8 588 442 989 746
8 264 440 586 743
8 18 440 264 742
8 747 75 986 377
8 585 75 745 375
8 338 73 583 373
8 18 70 337 373
8 384 803 666 1107
8 665 804 985 1109
