1 202 148 301 285
1 293 191 388 335
7 330 199 362 226
6 453 219 540 374
6 526 222 626 357
6 604 187 674 289
7 148 465 183 503
7 178 506 219 538
7 499 530 538 571
7 892 540 960 613
7 466 928 524 982
7 753 929 790 967
7 819 925 868 970
1 92 450 202 687
1 160 495 323 694
1 494 521 572 679
1 378 542 531 716
1 687 548 732 624
1 736 542 847 715
1 848 532 981 722
1 261 897 339 1039
1 197 862 249 973
6 144 900 227 969
1 429 897 550 1089
1 523 872 591 1007
1 731 913 829 1067
1 813 907 934 1081
8 629 805 982 1108
8 637 487 847 744
8 849 443 982 745
8 341 441 634 741
8 21 440 340 739
8 20 77 452 376
8 449 76 756 377
8 751 77 980 377
8 21 796 428 1099
8 428 804 628 1099
