1 142 124 244 312
1 223 124 308 331
1 352 197 517 339
1 494 156 607 374
6 567 154 612 285
1 828 160 890 319
1 877 159 954 307
6 631 284 710 376
1 123 520 203 701
1 170 519 236 684
1 256 523 340 722
1 20 441 107 614
1 382 580 529 726
1 478 565 580 722
1 415 485 540 606
1 552 524 670 717
1 722 520 812 697
1 775 572 875 749
6 867 649 972 726
1 254 945 358 1068
1 59 883 147 1070
1 60 926 177 1043
6 127 1034 287 1103
1 477 831 600 1056
1 571 922 698 1113
1 732 922 956 1093
8 19 812 407 1114
8 679 449 980 753
8 346 444 679 747
8 17 441 345 742
8 19 71 347 372
8 343 72 613 378
8 610 78 980 380
8 407 814 724 1119
8 724 820 980 1119
