1 23 139 137 368
1 165 136 272 366
7 59 147 110 198
7 206 158 249 198
7 449 171 483 206
7 515 164 548 192
7 586 156 612 186
7 388 172 408 195
7 351 172 370 196
1 322 164 384 325
1 369 165 425 319
1 407 160 541 370
1 493 147 574 364
1 559 146 644 361
1 706 181 849 367
1 863 178 972 365
7 740 212 808 285
7 865 221 945 288
6 218 590 238 636
6 202 575 218 644
6 181 580 201 643
6 164 574 180 646
6 125 581 141 641
6 134 674 174 701
6 213 669 239 699
7 525 623 564 659
7 448 620 483 663
7 562 632 590 663
1 432 602 514 730
1 497 604 569 728
1 562 612 589 732
1 703 537 754 684
1 848 640 958 732
6 808 557 847 625
6 789 569 822 625
6 840 573 855 616
6 762 570 784 627
6 768 589 789 621
8 593 431 982 740
8 17 426 418 729
8 305 73 703 373
8 20 73 303 373
8 422 430 589 731
8 702 73 978 371
