1 201 168 289 363
1 280 169 363 364
1 395 110 648 367
1 732 135 859 376
1 844 131 961 364
1 528 523 591 623
1 461 582 596 720
1 598 598 669 727
1 465 914 529 1094
1 499 911 578 1094
1 570 932 614 1098
1 606 932 649 1098
6 176 245 208 299
6 208 255 227 295
6 359 507 455 574
6 882 536 906 565
6 910 541 930 570
6 932 544 953 574
6 946 548 961 574
6 143 1048 151 1072
6 154 1046 164 1073
6 432 943 467 989
6 793 934 840 1065
6 841 926 886 1055
6 770 964 777 980
6 761 957 768 977
6 786 961 793 975
7 299 179 317 206
7 247 177 268 196
7 440 125 569 321
7 797 143 815 181
7 877 144 910 184
7 527 536 557 565
7 598 631 635 666
7 525 924 548 956
7 491 921 517 959
7 573 948 602 972
7 614 944 633 980
8 676 801 987 1107
8 413 798 675 1102
8 17 794 412 1101
8 673 433 982 735
8 302 432 672 733
8 14 431 301 731
8 388 69 684 372
8 18 65 387 370
8 688 74 981 375
