1 208 167 272 304
1 137 197 193 292
6 60 191 108 296
6 249 216 312 330
6 168 240 236 340
1 101 208 176 316
1 351 173 462 364
1 445 198 548 364
7 402 177 451 231
7 492 193 530 252
1 496 225 617 368
1 625 198 724 369
1 696 214 873 373
1 842 208 974 374
7 625 202 713 310
7 744 216 814 306
7 844 212 933 314
1 232 500 355 727
1 90 493 252 728
1 16 582 129 728
7 156 498 203 552
7 261 498 317 556
1 496 446 545 577
1 575 445 624 585
6 521 444 596 579
6 616 505 660 578
6 651 515 696 604
1 698 539 824 731
1 741 534 978 732
7 707 540 784 649
7 812 538 914 677
1 45 877 180 1074
1 173 859 276 971
7 222 860 261 910
1 745 874 878 1081
7 803 901 844 938
8 691 796 976 1098
8 338 792 691 1094
8 13 791 338 1092
8 17 431 360 735
8 344 66 622 372
8 16 66 344 369
8 622 69 982 381
8 358 434 698 738
8 698 436 981 738
7 437 865 569 1069
1 352 857 678 1093
7 90 892 114 929
