7 98 193 136 232
7 328 596 367 639
7 371 582 417 626
7 579 858 614 900
7 494 868 527 902
7 729 813 771 859
1 20 192 69 303
1 45 193 162 300
1 160 201 256 357
1 409 213 497 340
1 502 194 571 306
1 455 188 507 319
1 658 202 765 364
1 113 580 166 702
1 137 586 211 710
1 316 593 375 661
1 362 574 426 693
1 777 482 868 600
1 855 495 930 609
1 222 975 334 1049
1 253 928 425 1021
6 18 826 65 909
6 39 791 109 847
1 18 834 146 939
1 490 862 601 1074
1 557 858 660 1062
1 764 900 983 1083
1 701 807 872 1057
1 706 832 935 1006
8 223 937 422 1047
8 692 795 985 1099
8 443 792 692 1094
8 16 789 442 1092
8 283 473 495 728
8 495 431 982 734
8 17 424 283 725
8 646 68 978 372
8 328 63 645 367
8 20 61 327 306
