7 95 140 140 190
7 286 138 324 177
7 327 138 369 180
7 394 145 435 190
7 433 138 473 179
7 594 174 706 292
7 772 196 820 240
7 863 190 891 231
7 882 212 923 256
7 925 197 970 237
7 118 483 160 534
7 228 495 264 546
7 264 483 308 534
7 378 518 475 628
7 558 516 602 556
7 630 508 667 556
7 665 512 712 556
7 826 488 939 599
7 95 876 138 927
7 905 903 967 974
1 37 139 160 329
6 197 125 305 329
6 422 134 539 331
6 12 467 123 670
1 276 127 330 330
1 312 132 407 324
1 370 142 441 327
1 424 122 475 212
1 564 142 738 331
1 752 183 824 325
1 821 183 906 315
1 865 202 938 325
1 914 180 982 325
1 97 480 196 667
1 194 485 276 665
1 253 482 332 666
1 359 485 509 667
1 517 492 632 666
1 659 494 729 666
1 605 497 681 587
1 747 455 973 653
1 16 842 117 1008
1 50 865 180 1008
1 265 892 361 985
1 327 812 409 1008
1 387 891 451 981
1 416 893 491 1007
1 507 877 556 968
1 580 804 745 994
1 723 823 809 930
6 807 841 843 911
1 866 885 976 1012
8 565 722 857 1012
8 195 721 561 1012
8 12 721 195 1011
8 748 381 978 671
8 360 381 515 670
8 10 381 358 670
8 16 45 193 332
8 193 44 547 332
8 548 42 744 332
8 743 42 983 333
8 516 381 744 668
8 858 722 982 1013
