1 31 545 116 733
1 122 531 210 733
1 210 513 323 735
1 336 514 448 695
1 541 535 602 672
1 611 530 724 655
1 594 636 704 708
1 701 514 814 731
1 808 539 852 666
1 838 538 900 676
1 441 223 583 341
1 576 240 687 376
1 21 858 223 1091
1 105 872 269 1075
1 293 977 408 1075
1 410 897 549 1095
1 570 914 612 1026
1 728 933 864 1114
1 826 892 973 1111
7 218 571 295 660
7 374 531 405 599
7 662 533 695 559
7 467 909 498 929
8 646 809 979 1116
8 294 804 647 1110
8 16 800 295 1106
8 538 441 986 747
8 333 439 536 695
8 13 436 332 741
8 436 94 711 380
8 712 81 985 383
8 119 73 434 377
