7 254 147 287 181
7 69 144 108 182
7 496 163 530 201
7 561 172 612 222
7 851 124 880 158
7 915 131 946 164
7 147 487 176 518
7 94 500 127 530
7 238 497 280 535
7 509 574 564 639
7 617 578 667 626
7 787 545 923 675
7 63 924 113 972
7 158 918 202 970
7 318 953 352 985
7 403 908 433 929
7 466 901 493 932
7 766 873 801 910
1 50 126 212 357
1 214 137 309 319
1 433 143 574 353
1 544 152 645 348
1 654 107 827 340
1 814 108 906 365
1 889 116 963 346
1 56 484 122 709
1 114 483 211 726
1 185 480 355 731
1 467 561 599 729
1 578 558 733 733
1 745 510 974 736
1 26 906 141 1087
1 130 903 246 1086
1 292 937 368 1086
1 380 894 450 1056
1 449 891 514 1051
1 749 859 821 1091
1 817 881 893 1089
8 675 786 979 1092
8 10 786 283 1092
8 282 785 673 1092
8 748 434 981 739
8 457 430 746 735
8 15 426 456 731
8 648 62 983 369
8 357 60 647 364
8 15 58 356 362
