1 53 198 186 356
1 189 146 319 351
7 95 198 158 269
7 231 144 276 198
6 359 142 425 194
6 419 142 480 197
6 522 147 585 195
6 571 143 637 201
6 641 141 705 198
6 701 134 761 197
1 615 215 689 269
6 699 223 728 269
6 779 236 807 288
6 801 241 822 291
6 825 262 860 301
6 735 231 763 271
1 113 555 176 714
1 186 538 255 710
1 244 514 296 686
1 261 535 333 718
7 244 515 279 548
7 126 552 160 595
7 190 539 227 577
7 460 564 518 654
7 524 592 574 663
7 638 560 699 649
6 531 586 682 719
1 838 548 974 709
1 801 577 859 693
1 741 574 801 715
6 756 565 852 714
7 859 545 911 621
7 220 842 263 901
7 335 852 380 910
7 108 881 152 932
6 125 863 227 1079
6 229 885 382 1081
1 28 872 152 1078
1 176 842 283 1082
1 329 851 386 1029
1 447 860 553 1083
7 471 859 524 916
7 587 864 630 912
1 540 852 681 1082
1 860 923 912 1066
1 911 935 950 1065
6 777 978 805 1043
6 748 974 779 1043
6 716 984 750 1055
8 20 785 390 1086
8 705 426 982 732
8 23 417 442 720
8 357 60 985 367
8 14 58 354 360
8 444 421 700 722
8 388 788 701 1087
8 699 790 979 1091
