7 253 112 283 136
7 534 96 572 141
7 630 93 672 136
7 835 163 924 263
7 59 444 96 485
7 153 478 194 521
7 392 483 453 540
7 471 444 616 613
7 677 404 705 438
7 740 402 773 440
7 854 387 889 423
7 104 780 131 811
7 184 793 213 821
7 344 853 387 892
7 430 861 466 901
7 563 768 707 948
7 796 836 842 880
6 74 897 232 949
1 14 124 129 332
1 221 101 294 263
1 275 106 356 273
1 482 84 591 329
1 573 79 717 326
1 809 106 947 326
1 34 436 117 661
1 124 468 364 632
1 386 462 470 663
1 663 398 712 606
1 677 400 791 628
1 824 377 935 625
1 72 773 166 974
1 163 784 231 987
1 323 840 390 993
1 390 850 505 992
1 512 743 740 995
1 453 415 645 658
1 768 824 853 983
1 818 809 977 990
8 507 705 752 996
8 317 705 508 996
8 19 705 317 996
8 651 372 984 664
8 387 372 651 665
8 17 370 386 664
8 17 42 441 332
8 441 40 766 333
8 768 41 981 332
