1 164 117 279 308
1 392 88 479 271
1 520 179 675 362
1 704 166 834 364
1 853 169 984 368
1 314 475 379 637
1 380 492 469 698
1 445 488 567 700
1 704 548 843 731
1 803 541 980 729
1 21 931 164 1077
1 114 940 176 1072
1 169 935 276 1084
1 274 927 358 1085
1 408 905 582 1092
1 509 907 616 1093
1 560 913 710 1092
1 668 917 760 1094
1 772 873 913 1065
1 859 921 975 1096
6 191 583 224 639
6 237 581 267 633
6 594 615 625 675
6 628 616 661 672
6 467 614 614 731
7 421 97 448 122
7 594 191 625 235
7 752 188 789 220
7 888 565 944 643
7 473 928 512 979
7 545 924 574 955
7 623 931 656 967
7 687 936 720 960
7 830 889 860 924
7 918 956 948 992
7 137 960 168 993
7 303 952 330 984
7 208 956 229 986
7 233 123 255 150
8 766 798 985 1105
8 404 791 767 1099
8 20 785 404 1089
8 703 429 986 736
8 320 425 702 733
8 11 422 319 730
8 357 61 689 366
8 15 59 356 360
8 688 68 985 368
