1 30 167 100 281
1 113 170 154 299
1 139 167 183 297
1 192 130 343 356
1 277 168 413 359
1 429 163 642 298
1 561 100 660 262
1 786 130 873 303
1 839 87 967 345
1 21 535 145 686
1 157 498 285 685
1 333 509 380 690
1 376 512 432 679
1 444 534 558 727
1 595 550 733 720
1 748 500 917 723
1 905 518 975 712
1 217 883 300 1096
1 291 873 356 1098
1 349 879 403 1081
1 382 974 419 1078
1 458 908 535 1067
1 498 905 634 1098
1 600 925 711 1023
1 759 947 949 1099
1 658 130 702 190
6 741 520 770 555
6 17 924 72 1067
6 80 939 130 1023
6 396 893 427 978
7 262 153 302 212
7 331 180 366 228
7 575 109 596 134
7 669 141 693 167
7 790 134 825 172
7 898 99 921 133
7 80 546 110 582
7 172 521 195 555
7 397 521 417 543
7 357 520 370 541
7 630 564 699 652
7 938 533 966 557
7 314 892 333 914
7 240 900 262 926
7 360 893 380 916
7 500 916 520 945
7 665 938 690 966
7 802 984 876 1069
8 715 800 984 1105
8 456 800 712 1105
8 15 796 454 1103
8 16 428 305 733
8 589 426 737 732
8 307 426 586 731
8 739 425 982 729
8 12 57 420 362
8 422 62 708 361
8 710 64 981 364
