1 167 138 281 359
1 51 183 180 311
1 120 141 204 290
1 19 198 83 358
1 697 208 817 363
1 760 208 928 367
1 881 221 982 367
1 58 499 162 710
1 156 491 270 613
1 147 556 353 724
1 383 527 480 723
1 459 537 563 724
1 546 537 624 728
1 642 518 709 727
1 658 514 663 518
1 660 515 808 727
1 783 510 890 728
1 902 511 977 727
1 27 852 104 1058
1 99 856 187 1050
1 159 873 194 1028
1 185 873 256 1043
1 380 851 481 1081
1 338 854 393 1079
1 463 862 520 1081
1 545 849 728 1087
1 757 884 858 1047
1 841 794 979 1076
7 90 191 122 230
7 146 153 167 181
7 749 239 783 286
7 818 232 867 283
7 905 249 926 282
7 108 508 128 536
7 197 507 225 540
7 291 586 316 624
7 419 553 450 596
7 504 553 537 592
7 573 550 599 587
7 652 532 688 566
7 839 520 871 556
7 947 524 964 556
7 66 867 91 897
7 134 871 156 890
7 168 881 183 907
7 194 892 222 913
7 429 855 456 894
7 485 872 512 901
7 591 889 647 957
7 773 890 808 920
7 898 800 932 846
7 179 156 215 192
8 736 788 984 1090
8 335 785 734 1088
8 17 784 333 1086
8 640 429 985 732
8 366 427 639 729
8 19 424 364 727
8 697 67 985 371
8 301 63 696 366
8 15 59 301 363
