1 134 122 202 211
1 186 101 261 207
1 240 102 332 309
1 839 129 977 320
1 13 482 73 653
1 53 480 175 641
1 136 476 248 641
1 16 826 65 992
1 63 826 117 983
1 104 834 182 995
1 333 848 439 947
1 440 856 541 978
1 545 832 658 960
1 656 827 756 979
1 761 771 972 985
6 430 567 461 615
6 461 565 491 619
7 214 115 235 135
7 271 117 296 145
7 600 839 625 872
7 380 860 408 890
7 825 797 928 939
7 107 495 130 531
7 163 495 198 526
7 839 155 916 270
8 13 704 327 996
8 758 702 976 992
8 328 702 758 994
8 255 366 686 657
8 687 351 980 655
8 15 49 337 323
8 340 48 792 321
8 798 48 979 323
8 14 364 256 656
