7 131 202 168 241
7 181 123 212 162
7 484 142 521 180
7 565 139 610 173
7 640 150 669 172
7 733 155 774 198
7 815 175 864 213
7 905 180 951 222
7 329 897 368 942
7 649 969 690 1010
7 791 939 845 981
1 34 193 216 364
1 100 94 227 256
6 258 164 328 260
1 417 137 550 357
1 540 123 707 355
1 599 129 702 328
1 708 143 782 346
1 789 140 901 259
1 888 177 981 301
1 94 544 181 616
6 715 573 762 664
1 129 967 229 1038
1 163 932 297 1025
1 292 884 404 1033
1 421 886 594 1104
1 635 960 724 1077
1 583 976 661 1043
1 766 910 870 1102
1 860 932 936 1026
8 736 805 983 1106
8 416 801 733 1103
8 20 800 414 1102
8 686 438 984 743
8 294 434 685 738
8 16 430 294 733
8 403 69 711 371
8 17 68 401 369
8 706 72 980 369
