1 206 185 269 310
1 257 194 338 299
1 330 213 415 299
1 484 184 561 355
1 559 199 653 359
1 628 181 744 355
1 765 123 977 370
1 82 527 203 723
1 205 537 310 726
1 685 443 812 569
1 89 920 143 1074
1 132 932 172 1018
1 207 927 267 1079
1 313 933 370 1043
1 431 908 570 1102
1 566 877 702 1104
1 747 879 806 1060
1 853 860 939 1077
7 534 203 559 249
7 590 217 627 252
7 802 178 925 339
7 239 560 276 593
7 455 929 505 1010
7 577 911 637 1016
7 762 889 786 912
6 448 648 480 708
6 487 652 522 707
6 936 693 949 714
6 948 693 954 712
8 709 804 992 1110
8 429 801 707 1108
8 9 799 428 1106
8 675 438 985 746
8 316 431 677 740
8 14 424 316 731
8 765 64 984 371
8 458 62 764 368
8 10 58 457 366
