6 501 166 542 230
6 568 187 627 245
6 461 188 492 237
7 774 60 815 100
7 862 62 906 98
7 160 491 201 530
7 242 495 284 533
5 385 330 520 562
6 478 512 516 569
6 513 525 535 598
6 528 531 555 613
6 544 525 570 596
6 562 529 596 603
6 594 534 621 601
6 616 528 642 599
7 764 396 970 576
7 96 788 131 819
7 180 786 214 822
7 282 797 307 824
1 721 49 864 254
1 821 48 938 243
1 906 62 969 160
6 81 489 108 542
6 111 449 140 481
6 101 490 126 522
6 131 492 155 530
1 133 483 221 617
1 212 475 292 617
1 717 330 978 613
1 42 775 132 944
1 138 772 243 944
1 257 780 341 943
8 21 659 360 948
8 326 328 713 617
8 714 327 980 617
8 19 327 326 617
8 16 14 300 287
8 303 12 713 286
8 714 11 984 286
8 352 657 643 948
8 643 657 983 945
