1 17 173 139 363
1 130 183 237 361
7 52 197 106 254
7 150 195 213 246
7 256 188 313 238
7 386 181 438 237
7 449 179 500 229
7 607 201 714 325
7 859 175 918 239
7 919 201 979 267
7 799 172 840 233
7 426 607 488 674
7 536 617 592 687
7 569 848 612 890
7 645 852 686 894
7 729 889 762 926
7 864 932 969 1065
1 247 160 322 345
1 367 164 469 355
1 432 158 511 339
6 272 200 380 357
6 488 188 563 363
1 571 175 722 366
1 727 188 832 364
1 814 237 976 363
1 913 192 981 338
6 270 578 363 715
1 209 520 287 708
1 154 524 231 670
1 121 553 202 694
1 52 569 122 664
1 403 588 494 733
1 496 591 625 733
1 662 495 794 666
1 873 498 924 587
1 918 498 961 569
1 18 872 89 1080
1 51 845 137 943
1 135 870 217 1085
1 209 889 275 1087
1 284 874 338 1085
5 247 921 471 1072
1 507 831 652 1088
1 590 841 708 1091
1 700 878 768 1093
6 752 969 793 1055
1 801 893 973 1100
8 796 800 981 1107
8 476 794 794 1104
8 16 790 474 1098
8 631 432 984 739
8 402 432 629 736
8 11 431 401 735
8 731 63 987 370
8 11 60 246 365
8 241 62 561 365
8 563 62 730 369
