1 30 197 124 311
1 84 180 163 306
1 149 195 232 302
1 643 157 779 360
1 885 215 918 336
1 59 523 101 640
1 94 519 151 657
1 115 572 167 666
1 153 534 202 660
1 159 585 260 718
1 394 601 477 727
1 452 577 562 726
1 535 582 591 726
1 702 530 811 731
1 806 522 899 729
1 26 956 151 1091
1 134 928 232 1073
1 240 891 340 1094
1 410 947 587 1077
1 481 879 610 1057
1 757 889 974 1096
6 860 211 893 245
6 914 214 940 255
6 868 632 973 726
6 593 882 747 1099
7 30 230 84 269
7 105 201 142 238
7 165 213 198 249
7 693 192 743 251
7 489 591 523 643
7 432 636 472 682
7 536 610 576 657
7 744 552 774 582
7 822 540 847 568
7 185 945 211 975
7 282 910 307 940
7 552 898 585 931
7 832 923 919 1053
7 531 969 559 1006
7 127 973 152 1008
8 759 802 979 1104
8 350 800 757 1102
8 13 428 387 731
8 14 63 247 365
8 248 62 642 364
8 645 62 985 366
8 595 432 980 729
8 392 429 595 729
8 12 801 347 1099
