7 149 120 195 170
7 220 90 242 128
7 438 135 487 188
7 503 77 548 117
7 235 411 270 448
7 160 455 188 484
7 282 445 318 475
7 345 415 384 449
7 644 471 685 514
7 731 485 775 527
7 862 530 936 603
7 827 475 883 531
7 177 768 211 804
7 267 775 301 810
7 409 785 592 948
7 757 842 814 900
7 870 837 932 897
1 205 72 249 256
1 22 84 197 288
1 454 54 629 295
1 335 109 507 281
1 749 72 818 174
1 692 137 770 194
1 772 148 917 321
1 900 147 987 323
6 898 118 954 167
6 941 134 981 170
1 14 437 51 495
1 44 442 107 548
1 148 442 202 640
1 203 405 280 647
1 268 421 358 649
1 336 396 414 652
1 428 463 508 655
1 496 510 588 660
1 570 487 668 657
1 580 458 702 656
1 703 465 810 652
1 801 469 904 656
1 860 490 971 648
1 18 774 150 987
1 134 762 241 981
1 247 757 323 981
1 384 745 671 976
1 688 815 850 983
1 840 820 961 978
8 13 695 385 984
8 386 693 685 984
8 687 692 987 983
8 705 370 972 659
8 424 369 704 658
8 11 369 425 657
8 10 37 320 323
8 321 35 634 326
8 634 35 983 325
