1 274 175 337 308
1 214 174 273 298
1 92 109 166 292
7 468 151 502 178
7 528 165 570 198
1 360 136 453 328
1 458 142 519 302
1 500 153 610 324
7 642 228 703 290
7 735 194 781 268
1 708 189 804 313
1 627 190 705 318
7 848 162 979 286
7 70 517 109 568
7 135 537 174 579
6 181 561 276 648
6 249 525 282 566
1 112 524 258 658
1 30 517 163 656
1 331 402 372 468
1 549 567 585 631
1 559 487 682 652
6 704 505 740 565
1 756 498 801 560
1 736 466 786 662
1 892 490 962 636
1 180 786 330 998
6 370 762 415 883
1 469 741 618 996
1 705 774 822 993
7 741 780 782 838
7 859 795 895 829
1 841 777 912 990
8 19 712 333 1002
8 335 710 664 1002
8 664 709 988 1001
8 846 370 991 662
8 11 42 357 327
8 359 41 624 324
8 624 40 802 324
8 804 40 982 327
8 17 370 282 661
8 285 374 527 661
8 524 371 840 661
7 521 749 547 788
1 843 128 982 326
