1 256 207 295 304
1 190 213 236 294
1 376 194 493 331
1 493 189 576 330
1 756 180 868 324
1 874 176 972 329
1 155 461 189 551
1 175 456 224 545
1 421 473 600 657
1 689 443 905 601
1 843 428 982 627
1 47 810 214 987
1 186 818 312 994
1 530 849 691 993
1 700 800 800 959
1 875 742 984 988
6 100 162 120 217
6 104 218 141 262
6 119 164 134 218
6 130 170 149 231
6 155 189 183 262
6 181 174 200 236
6 217 161 246 219
6 305 162 343 209
6 343 157 362 213
6 586 230 694 329
7 415 213 444 262
7 493 217 539 258
7 683 112 738 170
1 659 104 763 199
7 845 462 869 496
7 905 441 935 472
7 143 826 170 861
7 199 836 225 869
7 759 824 792 846
7 901 761 931 786
8 695 715 987 1001
8 347 710 693 999
8 667 369 983 659
8 387 369 667 659
8 21 369 389 656
8 24 48 370 334
8 582 45 983 334
8 11 709 345 993
8 371 48 576 334
