1 132 132 273 288
1 283 71 383 300
1 24 259 266 345
1 391 111 574 344
1 654 120 750 340
1 843 105 965 337
1 15 469 140 695
1 210 464 297 696
1 317 416 435 668
1 452 446 581 682
1 719 502 834 693
1 828 498 979 693
1 73 796 204 1022
1 361 883 393 992
1 457 891 523 1012
1 616 810 793 1019
1 807 878 872 1018
1 893 886 967 1022
7 143 148 176 174
7 318 85 335 110
7 463 128 501 178
7 701 134 728 163
7 891 118 913 152
7 76 481 94 512
7 231 480 262 505
7 367 430 392 459
7 457 460 491 487
7 763 516 798 561
7 876 519 908 557
7 79 807 100 838
7 654 838 742 942
7 856 891 874 929
7 915 907 940 937
6 228 861 258 910
8 18 746 283 1027
8 796 744 985 1025
8 617 744 795 1026
8 284 743 616 1026
8 720 413 981 695
8 596 413 720 694
8 13 412 308 695
8 309 411 594 695
8 16 67 388 350
8 390 66 627 347
8 627 67 967 345
