1 132 237 483 888
1 450 285 882 903
1 636 183 879 894
1 918 357 1239 894
1 1155 456 1380 897
1 1293 330 1713 906
1 120 1209 456 1629
1 303 1209 486 1632
1 375 1170 660 1632
1 696 1146 1035 1635
1 834 1146 1050 1512
1 984 1200 1182 1641
1 1263 1194 1518 1638
1 1299 1155 1575 1614
1 918 1821 1470 2475
6 261 1956 465 2349
6 507 1959 585 2358
6 579 1974 669 2379
7 255 282 342 402
7 636 243 747 387
7 1044 414 1173 585
7 1197 510 1317 654
7 1356 393 1488 582
7 378 1218 456 1323
7 477 1215 531 1305
7 717 1218 861 1422
7 888 1155 984 1314
7 1020 1314 1182 1470
7 1320 1248 1398 1326
7 1368 1194 1473 1296
7 1143 1863 1284 2031
8 114 87 888 912
8 900 99 1737 912
8 105 912 690 1644
8 693 924 1197 1644
8 1212 924 1728 1653
8 90 1653 909 2490
8 912 1653 1707 2499
