7 1030 297 1129 575
7 1506 646 1685 850
7 1260 1794 1385 1935
7 1548 1311 1698 1497
7 1513 1497 1663 1634
7 623 1221 710 1378
7 966 1289 1119 1497
1 323 467 479 777
1 140 409 956 876
1 1033 214 1468 889
1 1189 537 1714 879
6 1439 278 1711 668
6 1129 243 1218 508
6 1221 236 1298 534
6 1225 239 1513 601
6 1353 230 1455 598
1 492 1122 716 1682
1 275 1186 591 1621
1 137 1221 307 1455
1 748 911 1116 1682
1 1138 911 1292 1688
1 1513 1145 1704 1519
1 1471 1397 1701 1682
1 95 1708 636 2223
1 92 2008 422 2447
1 438 2159 690 2488
1 754 1842 940 2200
1 770 1906 1062 2210
1 764 2034 1199 2498
1 1228 1711 1701 2159
1 1317 1957 1688 2453
8 758 1832 1208 2506
8 1223 1709 1708 2508
8 97 1700 740 2504
8 97 1001 726 1682
8 1145 912 1712 1690
8 739 911 1130 1687
8 1035 97 1720 898
8 104 84 1021 890
6 607 498 679 595
6 480 495 595 619
7 1555 2054 1670 2190
7 253 1740 341 1839
