1 334 490 478 780
1 843 325 1114 834
1 641 394 939 834
1 984 1241 1126 1632
1 909 1271 1042 1406
1 406 1979 759 2262
1 542 1927 915 2340
5 626 1165 834 1403
5 843 1078 994 1225
5 984 1093 1120 1201
5 1138 1135 1442 1632
5 945 1671 1569 2183
5 240 2087 352 2250
5 304 2229 617 2454
5 51 2135 234 2358
5 60 2057 234 2114
5 54 1888 156 2012
6 530 490 575 635
6 484 490 548 632
6 207 346 262 460
6 141 331 204 424
6 51 337 147 472
6 156 1069 253 1244
6 87 1078 171 1250
7 695 454 807 756
7 921 376 1114 677
7 596 2000 641 2051
8 33 36 641 846
8 650 48 1114 843
8 1117 48 1674 831
8 42 876 596 1644
8 620 867 1135 1644
8 1144 852 1665 1647
8 45 1674 918 2473
8 927 1668 1677 2213
