7 368 288 494 452
7 1244 368 1453 625
5 314 561 676 818
5 478 240 834 593
5 869 356 1257 843
5 1405 612 1629 850
5 1456 455 1703 702
5 497 1148 660 1280
5 619 1017 776 1180
5 481 1305 715 1485
5 962 933 1119 1206
5 898 1347 1145 1616
5 773 2069 843 2210
5 741 2207 821 2332
1 86 237 715 753
1 946 179 1488 856
7 1251 1248 1305 1315
7 247 2098 388 2406
7 388 1979 686 2322
7 856 2098 1039 2415
7 1337 1982 1408 2127
7 1369 2021 1488 2130
1 1187 1225 1363 1440
1 1180 1190 1472 1581
1 73 2024 388 2479
1 362 1886 699 2486
1 792 2037 1049 2489
1 1248 1934 1456 2425
1 1251 2021 1543 2492
8 65 1706 696 2491
8 1236 1699 1705 2499
8 710 1699 1220 2493
8 69 890 795 1670
8 804 882 1704 1673
8 68 73 843 871
8 865 68 1701 860
