1 848 265 1334 866
1 1244 119 1530 872
1 142 1080 354 1664
1 410 1140 586 1396
1 646 1021 854 1581
1 667 1048 1155 1667
1 1188 1092 1360 1348
1 1289 1137 1697 1655
1 1482 1110 1688 1372
1 95 1855 437 2480
1 360 2030 565 2444
1 708 1980 872 2212
1 842 1998 1024 2286
1 1414 1962 1551 2176
7 1119 282 1206 425
7 1325 148 1420 250
7 667 1080 851 1357
7 836 1101 1095 1536
7 1533 1140 1637 1271
7 202 1920 345 2158
7 494 2039 536 2129
8 815 95 1706 884
8 62 890 664 1679
8 652 890 1164 1673
8 1164 890 1712 1673
8 83 1691 678 2474
8 678 1691 1223 2480
8 1238 1685 1718 2477
