7 1258 254 1573 682
7 1016 1975 1103 2110
1 176 164 440 775
1 466 238 769 752
1 1132 151 1637 878
1 868 1097 1135 1686
1 1177 1261 1486 1666
1 1332 1306 1560 1644
1 981 1943 1139 2490
1 730 1982 1036 2493
5 286 991 595 1566
5 627 1135 987 1682
5 70 1705 595 2493
5 633 1965 942 2191
5 1525 2168 1679 2371
5 1148 1953 1679 2316
5 1177 1756 1669 2175
8 63 1702 606 2505
8 621 887 1141 1691
8 62 887 606 1684
8 1155 886 1701 1690
8 1141 76 1704 877
8 64 75 1139 875
8 616 1692 1145 2497
8 1157 1710 1704 2504
