7 365 310 448 419
7 1092 464 1195 637
7 1214 413 1339 570
7 1390 1204 1467 1333
7 1243 1285 1365 1435
7 1503 1323 1637 1515
7 894 1208 974 1294
7 804 1253 865 1336
1 96 291 692 919
1 852 435 1371 913
1 862 362 1685 906
7 435 1144 522 1253
1 246 1076 637 1666
7 128 1400 233 1544
1 67 1339 237 1676
1 660 1230 1067 1663
1 653 1188 1153 1663
1 1198 1230 1493 1660
1 1345 1156 1576 1653
1 1499 1233 1698 1653
1 1089 1954 1326 2310
1 926 1938 1108 2259
1 727 1935 1051 2256
8 82 1674 1718 2525
8 74 948 642 1675
8 659 940 1184 1669
8 1190 934 1707 1664
8 857 156 1698 926
8 65 99 850 933
