6 118 478 199 711
6 136 472 299 726
1 838 478 1153 868
6 1180 681 1313 853
6 1304 762 1380 871
1 1531 493 1679 765
6 1661 481 1719 744
1 302 1271 466 1531
1 523 1301 620 1573
1 650 1104 947 1679
6 977 1246 1047 1349
6 1047 1228 1107 1346
6 1098 1250 1156 1371
1 1374 1298 1564 1570
1 1428 1225 1619 1579
1 1595 1304 1713 1682
1 227 1876 584 2493
1 450 1958 765 2506
1 729 1843 1150 2493
1 1564 1967 1725 2500
1 1492 2036 1646 2497
1 1355 2030 1543 2497
1 1186 1924 1416 2079
7 384 1967 466 2064
7 484 2024 593 2112
7 835 2055 1104 2285
7 1204 1976 1274 2055
7 1410 2085 1470 2142
7 1540 2070 1628 2148
7 1631 2009 1682 2076
8 78 66 617 871
8 644 75 1165 859
8 1180 75 1716 874
8 1189 880 1722 1682
8 641 889 1168 1682
8 72 889 635 1679
8 69 1694 1153 2509
8 1171 1697 1728 2506
