7 725 449 824 571
7 112 1151 336 1668
7 404 1318 561 1565
7 1414 1058 1588 1238
7 1225 1934 1315 2232
7 1437 2094 1594 2345
5 545 516 664 635
1 131 455 381 866
1 324 349 590 744
1 692 442 895 853
1 1443 513 1549 834
1 1446 545 1671 837
1 362 1264 696 1674
1 1280 984 1738 1629
1 869 1896 1312 2479
1 1231 2056 1742 2479
1 606 2011 734 2284
1 461 2027 612 2345
6 721 1212 911 1665
6 853 1231 1058 1690
8 106 894 700 1680
8 706 887 1264 1672
8 1271 879 1749 1669
8 1194 164 1753 852
8 104 137 667 874
8 668 68 1183 862
8 109 1699 845 2499
8 851 1687 1745 2487
