7 299 521 382 640
7 698 572 778 659
7 1193 550 1299 646
7 1576 421 1676 527
7 1357 434 1480 537
7 131 1402 344 1621
7 370 1406 595 1628
7 723 1422 865 1554
7 994 1370 1100 1489
7 1235 1077 1348 1332
7 759 1203 852 1309
7 469 440 575 572
7 93 2085 160 2165
7 257 2171 341 2287
7 434 2097 521 2200
7 781 1969 881 2072
7 1254 2165 1341 2255
1 70 308 263 900
1 138 411 273 608
1 170 447 508 904
1 408 427 711 907
1 646 553 785 904
1 810 160 1319 907
1 1106 489 1486 714
1 1103 402 1682 917
1 1332 302 1689 672
1 70 1270 466 1718
1 360 1267 695 1715
1 704 1390 991 1708
1 814 1283 1161 1715
1 527 2017 691 2545
1 392 2065 582 2538
1 67 2123 376 2535
1 707 1891 894 2535
1 849 1769 1161 2541
1 1184 2033 1357 2532
1 1245 2113 1541 2538
6 1618 2030 1673 2130
6 1435 2213 1544 2467
8 1181 1740 1689 2546
8 706 1739 1165 2544
8 64 1736 690 2547
8 1184 1066 1687 1721
8 710 932 1168 1722
8 68 929 694 1720
8 814 112 1690 921
8 67 106 797 915
7 963 1811 1127 1954
