1 535 321 892 837
1 974 446 1143 742
1 82 971 375 1379
1 344 1073 630 1675
7 360 1150 503 1443
7 860 971 974 1092
7 1178 1242 1379 1602
7 143 1882 200 1981
7 468 1905 560 2000
5 1185 423 1685 786
5 646 1271 1130 1669
5 659 2207 1022 2469
5 1178 2239 1338 2424
5 1226 2086 1573 2297
1 726 1733 981 2268
1 869 1698 1080 2261
1 82 1831 213 2373
1 261 1828 627 2484
8 86 1832 632 2493
8 646 1699 1157 2489
8 1155 1698 1727 2488
8 1173 989 1722 1684
8 646 895 1154 1688
8 1169 88 1713 876
8 78 87 1155 875
8 69 890 631 1690
1 1170 1143 1480 1675
