1 120 513 528 864
1 477 711 663 864
1 879 450 1209 870
1 1236 432 1383 879
1 1344 417 1515 879
1 120 1008 669 1671
1 741 1128 1065 1677
1 1317 1302 1731 1662
1 300 1893 582 2352
1 117 2019 315 2277
1 609 1905 1044 2481
1 1275 1824 1737 2442
5 1248 678 1443 858
5 1272 1203 1527 1656
5 1485 2184 1707 2379
7 711 201 939 864
7 1005 558 1125 675
7 306 1206 594 1545
7 789 1236 1038 1563
7 933 1263 1236 1665
7 1515 1392 1659 1560
7 771 2001 918 2127
7 1362 1866 1497 2010
7 156 2055 216 2133
8 108 201 711 879
8 714 84 1224 876
8 1230 81 1749 876
8 1269 909 1749 1677
8 711 906 1257 1680
8 108 906 684 1683
8 108 1716 591 2502
8 600 1698 1242 2490
8 1263 1701 1752 2487
