1 69 336 315 858
1 255 354 435 783
1 1167 366 1575 894
1 1335 432 1584 894
1 84 1212 390 1659
1 318 1329 585 1674
1 1167 1125 1476 1647
1 1341 1179 1638 1638
1 168 2103 450 2481
1 354 2148 666 2496
1 888 1923 1503 2385
1 1323 1914 1491 2289
1 1464 1920 1644 2220
6 702 1215 861 1611
6 828 1257 954 1491
7 189 348 246 429
7 315 378 387 459
7 1398 495 1509 615
7 384 1380 528 1548
7 195 1257 387 1497
7 1254 1140 1362 1287
7 1419 1227 1539 1389
7 987 1965 1098 2097
8 60 96 636 921
8 636 78 1143 906
8 1161 84 1680 903
8 642 924 1152 1647
8 75 924 639 1662
8 1152 912 1707 1647
8 90 1668 873 2511
8 894 1647 1707 2499
