1 431 201 930 895
1 988 239 1455 889
1 1170 438 1685 886
7 1132 351 1292 473
7 409 1151 527 1279
7 748 1285 1062 1682
7 892 2095 1039 2277
7 777 2242 886 2399
1 76 1109 489 1688
1 275 1100 636 1685
1 674 1151 1129 1682
1 1381 1199 1682 1679
1 393 1864 639 2504
1 662 2021 1215 2504
1 674 2168 1193 2450
6 118 2194 291 2507
6 259 2194 361 2504
6 364 2187 470 2504
6 1237 1429 1452 1679
6 1314 1308 1477 1676
6 1356 2056 1426 2335
6 1426 2072 1509 2351
8 92 1800 643 2515
8 658 1712 1277 2514
8 1293 1704 1707 2509
8 85 916 646 1698
8 660 912 1143 1693
8 1154 910 1698 1688
8 80 168 969 900
8 982 96 1692 894
