7 193 435 312 590
7 354 515 557 757
7 1238 493 1302 583
7 1331 493 1418 570
7 77 1173 132 1289
7 145 1189 232 1302
7 286 1241 374 1347
7 419 1244 503 1338
7 986 1025 1125 1170
7 1238 1370 1325 1454
7 1335 1364 1402 1434
7 1399 1357 1476 1467
7 1554 1370 1644 1473
7 190 2057 390 2321
7 474 2121 661 2315
1 80 393 486 938
1 328 377 632 941
1 1154 448 1557 831
1 1273 445 1554 931
1 1141 664 1457 931
1 1483 577 1718 928
1 341 1183 725 1673
1 83 1193 573 1670
1 896 954 1183 1673
1 1183 1322 1367 1670
1 1331 1315 1415 1502
1 1367 1331 1622 1670
1 1534 1347 1712 1673
1 90 1928 396 2537
1 396 2063 806 2528
6 890 1970 1035 2441
6 986 1992 1160 2450
8 1522 1720 1734 2506
8 86 1699 814 2545
8 827 1694 1522 2536
8 79 950 899 1685
8 917 946 1721 1684
8 651 199 1137 935
8 81 196 639 939
8 1153 106 1720 932
