7 182 351 262 479
7 517 393 584 504
7 1329 329 1524 562
7 1469 945 1655 1287
7 910 1958 971 2102
7 1054 1984 1159 2102
7 1306 2022 1632 2409
1 76 345 527 872
1 377 351 603 875
1 635 472 859 840
1 709 428 1143 865
1 1303 277 1696 849
1 396 1226 565 1591
1 635 1150 786 1361
1 1051 1064 1453 1664
1 1332 945 1696 1661
1 750 1917 977 2466
1 926 1961 1223 2473
1 1242 1952 1699 2476
8 88 1848 663 2493
8 792 948 1709 1670
8 75 90 610 881
8 609 90 1158 866
8 1173 81 1705 866
8 87 896 799 1671
8 679 1689 1219 2492
8 1213 1680 1720 2483
6 328 2133 519 2296
6 365 2085 491 2184
