1 66 464 352 970
1 233 548 481 960
1 558 488 834 956
1 883 440 1082 967
1 1033 398 1285 970
1 1211 464 1592 970
1 52 1264 272 1830
1 223 1327 614 1819
1 579 1330 883 1833
1 932 1355 1100 1830
1 1128 1327 1463 1826
1 1438 1400 1690 1833
1 667 2158 1089 2689
1 1159 2249 1550 2696
1 1494 2182 1683 2584
7 233 509 338 614
7 335 583 419 677
7 548 523 660 653
7 998 478 1061 565
7 1107 429 1215 530
7 1351 481 1435 562
7 342 1376 447 1491
7 667 1383 792 1533
7 953 1386 1030 1498
7 1239 1365 1355 1487
7 1452 1428 1540 1529
7 754 2172 810 2252
7 1522 2214 1592 2329
8 656 1859 1701 2709
8 910 998 1703 1837
8 47 994 891 1833
8 870 135 1709 975
8 51 134 850 972
