1 83 358 337 855
1 226 278 462 848
1 546 410 796 834
1 977 278 1450 848
1 1381 295 1728 848
1 1189 410 1471 796
1 76 1391 347 1840
1 198 1398 438 1833
1 351 1468 584 1836
1 643 1182 904 1826
1 880 1231 1078 1822
1 1221 1234 1617 1826
1 1495 1318 1735 1833
1 267 2205 629 2657
1 306 2097 803 2664
1 932 2139 1419 2664
1 1165 2341 1621 2657
7 236 403 285 497
7 316 309 413 427
7 629 420 685 473
7 1088 327 1203 441
7 1252 431 1391 546
7 1464 330 1558 459
7 104 1419 250 1579
7 264 1426 361 1568
7 407 1502 493 1652
7 827 1200 911 1290
7 942 1248 1005 1325
7 1248 1339 1520 1694
7 1506 1485 1725 1808
7 354 2250 476 2417
7 420 2219 567 2344
7 1207 2222 1429 2469
7 1301 2379 1509 2542
8 61 1866 907 2690
8 932 1862 1752 2673
8 1217 886 1746 1834
8 631 884 1193 1836
8 65 878 613 1838
8 924 97 1741 860
8 65 92 893 856
