1 192 441 444 974
1 627 413 924 963
1 1173 367 1394 977
1 1419 413 1650 967
1 199 1429 402 1835
1 378 1506 571 1832
1 648 1468 949 1839
1 844 1383 1110 1839
1 1201 1401 1419 1842
1 1376 1506 1667 1846
1 381 2235 697 2711
1 557 2109 896 2704
1 974 2119 1303 2711
1 1051 2298 1478 2701
1 1552 2315 1730 2697
7 294 473 409 606
7 648 427 767 564
7 1289 346 1405 504
7 1482 462 1618 599
7 290 1436 374 1545
7 392 1492 490 1587
7 812 1492 921 1625
7 868 1433 995 1562
7 1320 1492 1426 1604
7 1405 1538 1513 1674
7 490 2273 602 2442
7 581 2217 756 2393
7 1082 2210 1275 2445
7 1212 2326 1408 2543
7 1601 2301 1688 2375
6 301 2466 346 2515
8 105 1866 947 2729
8 970 1853 1786 2711
8 107 998 597 1847
8 619 996 1122 1848
8 1145 995 1777 1846
8 1010 133 1772 975
8 106 133 988 979
