1 366 321 660 972
1 553 297 726 764
1 982 359 1245 968
1 1453 626 1695 975
1 307 1242 861 1678
1 889 1304 1103 1674
1 72 2069 349 2671
1 238 2041 449 2667
1 442 2110 733 2671
1 705 2290 968 2667
1 1058 2210 1221 2660
1 1159 2127 1411 2667
1 1363 2003 1740 2657
1 1114 1999 1259 2235
1 1055 2048 1148 2228
7 1477 664 1567 809
7 1072 373 1148 467
7 595 321 678 418
7 460 332 546 439
7 505 1287 698 1505
7 899 1339 1020 1480
7 238 2107 352 2273
7 339 2076 425 2217
7 480 2162 581 2314
7 709 2363 837 2487
7 1058 2100 1162 2217
7 1138 2013 1235 2145
7 1269 2148 1370 2314
7 1387 2069 1525 2224
6 743 429 864 567
8 58 1709 1036 2687
8 1052 1702 1749 2671
8 72 1002 1251 1687
8 935 100 1756 986
8 81 96 914 980
