1 314 506 583 939
1 418 377 743 935
1 939 478 1127 935
1 1040 537 1295 890
1 1155 453 1619 942
1 1532 349 1749 851
1 1064 1270 1588 1804
1 1462 1260 1745 1777
1 90 1256 418 1804
1 404 1386 631 1801
1 499 1180 855 1808
1 956 2154 1253 2667
1 1214 2360 1529 2667
6 94 523 178 708
6 104 492 254 939
6 258 481 335 935
6 635 474 701 590
6 680 453 820 914
6 806 474 858 569
6 865 478 911 565
6 1270 478 1406 771
6 576 2342 617 2391
6 614 2342 642 2388
7 268 499 307 572
7 380 544 453 638
7 432 401 548 541
7 963 527 1103 809
7 1155 576 1246 698
7 1361 537 1543 757
7 1546 478 1749 844
7 125 1319 377 1626
7 478 1448 631 1735
7 1117 1330 1281 1504
7 1483 1291 1550 1361
7 1127 2195 1242 2374
7 1379 2401 1497 2531
8 79 1845 933 2694
8 945 1844 1755 2685
8 880 980 1755 1812
8 84 980 863 1812
8 86 120 926 952
8 941 119 1754 950
