1 155 369 649 953
1 432 304 801 943
1 933 542 1247 950
1 1258 566 1506 950
1 1493 580 1700 947
1 58 1403 228 1655
1 231 1392 594 1811
1 553 1099 1033 1814
1 58 2091 642 2678
1 908 2111 1206 2682
1 1213 2063 1703 2685
7 276 449 421 611
7 518 349 677 549
7 1067 604 1157 687
7 1365 594 1437 667
7 1531 597 1589 670
7 110 1430 176 1534
7 383 1427 456 1548
7 781 1171 943 1347
7 186 2208 435 2512
7 1012 2146 1119 2274
7 1441 2080 1534 2198
8 824 1848 1714 2691
8 50 1842 800 2684
8 1076 977 1709 1824
8 51 976 1049 1820
8 862 116 1711 957
8 54 116 834 953
