1 93 764 237 1639
1 172 403 988 1805
1 282 888 347 1057
1 1539 626 1756 1140
1 96 2011 444 2683
1 496 2301 847 2666
1 923 2060 1353 2666
1 1188 2011 1591 2673
1 1512 1956 1760 2676
6 899 933 1023 1164
6 1036 937 1253 1140
6 1260 957 1378 1126
6 1343 857 1643 1133
6 837 964 895 1040
6 1229 2025 1329 2173
7 124 785 199 895
7 303 902 341 957
7 544 475 654 647
7 957 954 1026 1064
7 1164 999 1233 1105
7 1274 1002 1346 1081
7 1360 923 1446 1064
7 272 2166 423 2449
7 537 2380 685 2563
7 1102 2122 1171 2259
7 1350 2056 1446 2187
7 1533 2022 1650 2177
7 1605 699 1719 799
8 88 1836 903 2690
8 914 1830 1769 2680
8 83 104 1765 1814
