1 195 248 545 943
1 248 359 611 936
1 936 279 1421 932
1 1324 478 1725 932
1 76 1135 531 1802
1 359 1289 852 1799
1 300 2148 674 2658
1 925 2019 1449 2679
1 1477 2267 1725 2658
7 324 314 440 419
7 419 384 510 485
7 1100 422 1369 768
7 1334 565 1572 866
7 202 1240 492 1530
7 562 1404 779 1694
7 356 2134 499 2326
7 429 2169 590 2361
7 978 2096 1352 2588
8 921 1837 1751 2681
8 72 1830 903 2675
8 926 973 1753 1809
8 76 971 900 1805
8 928 109 1743 945
8 76 105 904 940
1 118 2018 524 2661
1 1223 1341 1437 1807
1 1077 1285 1285 1807
