1 329 429 519 776
1 516 492 658 796
1 110 1115 488 1794
1 512 1302 783 1763
1 779 1240 973 1794
1 1011 1316 1320 1787
1 1337 1216 1645 1791
1 117 2085 422 2661
1 485 2172 918 2657
1 523 2259 641 2498
1 984 2144 1282 2654
1 1257 2061 1767 2657
6 1417 592 1469 720
6 1437 602 1496 713
7 405 443 460 519
7 207 1171 440 1427
7 540 1358 644 1476
7 1171 1365 1261 1493
7 291 2124 422 2290
7 720 2203 814 2331
7 571 2293 620 2352
7 1081 2182 1160 2286
7 1427 2186 1611 2401
8 101 1831 942 2682
8 950 1824 1784 2669
8 1000 970 1777 1798
8 101 969 983 1805
8 99 106 939 940
8 960 104 1775 934
