1 86 377 242 939
1 152 315 520 936
1 440 260 918 929
1 950 457 1466 922
1 1230 416 1647 925
1 1588 388 1744 932
1 90 1432 364 1778
1 225 1161 800 1789
1 731 1525 929 1785
1 977 1140 1310 1782
1 1265 1095 1518 1792
1 97 2014 686 2652
1 544 2146 932 2656
1 950 2000 1324 2663
1 1151 2007 1744 2676
6 1563 1192 1692 1612
7 128 405 197 502
7 277 339 398 492
7 554 329 634 464
7 1251 478 1352 818
7 1404 475 1595 690
7 1605 461 1730 717
7 162 1487 319 1674
7 405 1251 800 1692
7 776 1605 901 1740
7 1161 1168 1213 1241
7 1300 1120 1366 1203
7 239 2035 454 2281
7 755 2226 922 2454
7 1591 2038 1702 2194
8 90 960 931 1797
8 944 957 1763 1797
8 83 101 927 936
8 935 99 1758 932
8 89 1821 936 2656
8 946 1821 1747 2669
