6 622 2256 789 2646
1 83 424 542 914
1 420 472 712 911
1 636 358 897 914
1 1161 500 1561 914
1 229 1300 594 1777
1 73 1422 219 1773
1 1192 1317 1453 1780
1 1338 1418 1655 1783
1 62 2156 281 2642
1 629 1251 925 1777
1 709 1338 1029 1783
1 219 2180 525 2649
1 841 2110 1154 2653
1 1140 2149 1464 2656
1 1300 1943 1710 2656
1 925 573 1046 911
1 952 612 1140 914
7 232 472 337 605
7 486 525 559 615
7 991 622 1043 685
7 1071 636 1126 705
7 1307 545 1484 765
7 132 1457 208 1575
7 340 1321 521 1554
7 1276 1338 1411 1505
7 1464 1432 1592 1596
7 142 2173 243 2336
7 671 2281 716 2336
7 931 2166 1098 2392
7 1206 2194 1345 2389
7 1321 2023 1550 2469
8 845 1811 1724 2660
8 46 1804 828 2656
8 1180 947 1727 1795
8 610 942 1162 1789
8 61 939 608 1787
8 922 87 1733 923
8 68 85 924 921
