1 79 524 503 817
1 514 379 883 924
1 72 1093 617 1790
1 548 1121 897 1673
1 924 1338 1207 1790
1 1393 1166 1714 1790
1 931 358 1669 931
1 1286 231 1721 921
1 224 2114 503 2397
1 924 1997 1248 2666
1 1345 2066 1721 2663
7 431 538 476 596
7 562 476 658 641
7 1155 503 1307 727
7 1469 303 1600 448
7 96 1317 462 1738
7 793 1173 848 1283
7 966 1449 1179 1642
7 272 2190 372 2249
7 1038 2076 1152 2170
7 1321 2107 1649 2618
8 914 1826 1732 2670
8 50 1820 900 2679
8 922 959 1731 1798
8 61 955 898 1800
8 924 97 1734 931
8 67 87 900 928
