1 91 491 505 919
1 364 463 642 838
1 624 431 891 926
1 936 445 1340 926
1 1343 431 1617 810
1 1371 487 1750 940
1 140 1445 564 1901
1 315 1389 624 1901
1 726 1361 1024 1908
1 817 1270 1122 1761
1 1224 1596 1750 1908
1 1382 1382 1747 1898
1 105 2164 519 2691
1 421 2136 645 2694
1 578 2214 775 2691
1 1066 2214 1649 2698
1 1231 2091 1750 2698
6 98 456 178 628
6 185 459 231 578
6 249 329 445 564
6 571 459 652 585
6 796 452 873 582
6 940 487 1038 607
6 1221 463 1298 610
6 1312 456 1403 592
6 1656 280 1736 536
7 291 519 371 642
7 459 491 561 614
7 652 459 782 614
7 1098 477 1238 624
7 1417 491 1519 610
7 1564 522 1642 663
7 256 1487 350 1596
7 350 1442 480 1596
7 747 1378 866 1473
7 828 1326 929 1424
7 1287 1610 1491 1785
7 1410 1494 1631 1726
7 329 2185 431 2305
7 529 2168 596 2259
7 642 2235 712 2319
7 1210 2263 1347 2466
7 1263 2147 1480 2375
8 937 1937 1760 2708
8 93 1933 917 2703
8 1224 966 1756 1911
8 91 964 633 1905
8 664 963 1202 1912
8 88 130 905 935
8 934 126 1752 941
