1 100 371 364 922
1 263 253 645 926
1 676 433 1033 919
1 922 249 1241 919
1 1300 423 1508 919
1 1384 350 1626 919
1 97 1120 610 1796
1 551 1217 936 1789
1 971 1221 1390 1786
1 1332 1366 1758 1789
1 287 2209 593 2670
1 291 2053 881 2650
1 967 2081 1439 2657
1 1300 1956 1762 2660
7 235 391 301 468
7 471 280 558 391
7 811 454 985 683
7 964 371 1113 586
7 239 1207 516 1508
7 586 1279 742 1623
7 1151 1245 1328 1436
7 1481 1425 1661 1585
7 1214 2140 1429 2504
7 1342 2109 1675 2480
8 967 1819 1772 2664
8 85 1819 948 2671
8 962 954 1766 1793
8 91 954 941 1794
8 1262 91 1764 928
8 661 91 1245 929
8 92 89 647 929
