1 208 395 420 912
1 319 357 583 916
1 926 357 1322 923
1 1402 322 1742 930
1 83 1176 524 1780
1 538 1402 885 1780
1 1003 1201 1690 1784
1 1444 1169 1742 1791
1 416 2048 673 2624
1 656 2200 871 2655
1 1083 2259 1385 2665
1 1100 2381 1509 2665
7 343 413 399 479
7 444 371 506 440
7 1037 416 1315 777
7 1437 413 1638 656
7 395 1270 520 1638
7 638 1461 760 1628
7 1256 1256 1374 1364
7 1579 1225 1659 1312
7 506 2075 544 2134
7 1187 2346 1343 2502
7 1287 2402 1402 2534
8 1073 1822 1749 2668
8 401 1812 1058 2671
8 912 954 1750 1795
8 70 943 892 1791
8 920 93 1754 929
8 77 89 900 924
