1 98 450 436 943
1 218 549 457 939
1 929 366 1443 936
1 1298 242 1738 932
1 102 1270 408 1802
1 373 1323 658 1805
1 686 1263 950 1802
1 960 1404 1253 1809
1 1288 1256 1647 1809
1 1517 1464 1745 1809
1 105 2126 513 2668
1 506 2228 925 2664
1 957 2038 1302 2664
1 1186 2016 1721 2668
7 1133 471 1348 799
7 1327 404 1555 725
7 232 1316 344 1517
7 788 1274 872 1330
7 1583 1481 1703 1640
7 285 2200 510 2541
7 584 2305 816 2611
7 1048 2052 1136 2182
7 1552 2062 1717 2337
8 97 1833 931 2681
8 946 1829 1761 2680
8 88 972 666 1810
8 683 970 1280 1808
8 1278 963 1757 1810
8 93 114 909 948
8 923 110 1754 940
