1 242 280 543 944
1 730 415 1688 927
1 103 1217 435 1719
1 522 1425 820 1799
1 916 1235 1300 1806
1 1380 1252 1622 1643
1 44 2127 508 2667
1 508 2131 781 2664
1 889 2079 1352 2660
1 1314 2082 1640 2678
7 1179 539 1467 778
7 141 1238 224 1335
7 574 1439 657 1550
7 1138 1266 1228 1377
7 1470 1276 1560 1366
7 242 2155 342 2273
7 574 2169 660 2269
7 989 2131 1100 2283
7 1453 2107 1553 2224
8 855 1837 1697 2680
8 39 1833 828 2672
8 905 973 1698 1817
8 43 971 880 1810
8 42 111 704 948
8 726 110 1702 956
