1 62 567 376 937
1 564 599 846 933
1 1316 250 1703 930
1 59 1330 289 1794
1 170 1163 877 1808
1 1059 1383 1302 1801
1 1320 1379 1647 1790
1 59 2274 386 2661
1 407 2222 860 2658
1 884 2219 1257 2654
1 1079 2069 1714 2654
7 261 661 337 797
7 595 665 682 787
7 1383 400 1689 853
7 114 1396 222 1532
7 512 1282 787 1630
7 1142 1428 1236 1539
7 1470 1424 1581 1536
7 236 2327 362 2494
7 647 2260 790 2400
7 940 2295 1121 2508
7 1233 2152 1571 2577
8 873 1834 1726 2671
8 55 1828 867 2669
8 52 966 893 1804
8 911 965 1721 1806
8 55 102 862 943
8 879 99 1722 941
