1 125 401 419 880
1 527 541 807 880
1 957 310 1317 873
1 1331 363 1659 887
1 69 1275 517 1732
1 464 1142 866 1732
1 911 1142 1352 1722
1 1341 1264 1722 1718
1 66 2218 328 2686
1 300 2284 579 2700
1 646 2054 967 2693
1 841 2106 1180 2693
1 1215 2249 1558 2690
1 1411 2225 1575 2665
7 223 447 370 635
7 517 579 646 793
7 1128 335 1219 471
7 1324 342 1453 513
7 307 1296 450 1498
7 545 1170 723 1387
7 946 1191 1257 1635
7 1369 1324 1582 1729
7 192 2242 314 2456
7 726 2068 835 2204
7 911 2176 1079 2351
7 1264 2312 1383 2498
7 1425 2204 1488 2312
8 1203 1760 1731 2708
8 606 1756 1181 2704
8 50 1751 584 2709
8 907 916 1733 1736
8 62 909 872 1732
8 909 102 1734 899
8 66 92 877 887
