1 754 522 1006 1010
1 887 434 1139 1017
1 1255 575 1490 1013
1 1452 434 1757 996
1 157 1367 568 1785
1 427 1175 775 1771
1 1101 1318 1508 1753
1 918 1353 1217 1771
1 115 2181 585 2690
1 582 2055 915 2693
1 985 2129 1767 2658
7 820 550 915 655
7 894 491 992 599
7 1322 613 1480 848
7 1462 491 1662 683
7 438 1424 529 1725
7 533 1185 617 1287
7 1146 1364 1213 1420
7 189 2241 326 2388
7 582 2181 771 2535
7 1231 2209 1438 2493
8 943 1814 1776 2704
8 106 1809 924 2700
8 914 1040 1770 1789
8 110 1040 881 1787
8 111 124 590 1015
8 616 122 1219 1014
8 1252 119 1775 1017
