1 116 425 311 737
1 198 528 471 854
1 531 411 963 963
1 1024 510 1272 992
1 1328 379 1630 988
1 1619 549 1757 793
1 170 1304 524 1864
1 464 1421 846 1860
1 435 1410 627 1796
1 967 1236 1364 1864
1 1413 1350 1594 1856
1 1534 1233 1754 1860
1 99 2140 311 2728
1 272 2133 694 2732
1 634 2207 939 2728
1 999 2232 1204 2725
1 1180 2129 1382 2657
1 1226 2027 1757 2728
7 237 467 311 567
7 783 418 861 520
7 1112 528 1201 616
7 1647 577 1729 687
7 442 1364 513 1495
7 481 1438 584 1548
7 616 1445 722 1573
7 1187 1282 1318 1499
7 1470 1374 1548 1460
7 177 2175 269 2260
7 549 2200 662 2356
7 698 2236 832 2377
7 1038 2257 1109 2345
7 1548 2087 1718 2321
8 966 1888 1764 2734
8 91 1880 943 2738
8 911 1021 1766 1863
8 101 1019 889 1861
8 1011 151 1764 1002
8 101 149 987 993
