1 300 537 478 935
1 568 540 816 938
1 903 314 1231 938
1 1231 509 1577 942
1 607 1319 1050 1797
1 806 1430 1130 1713
1 59 2003 488 2676
1 286 2052 858 2680
1 1130 1947 1706 2673
6 293 1451 349 1535
6 359 1469 422 1525
6 1169 1563 1308 1710
6 1336 1584 1430 1675
6 1584 1605 1647 1713
7 345 554 404 621
7 575 610 631 746
7 1064 366 1218 554
7 1375 547 1500 718
7 143 2017 390 2261
7 471 2153 698 2425
7 1382 2038 1608 2324
6 945 2202 1050 2589
6 980 2230 1113 2600
8 927 1840 1712 2687
8 39 1830 915 2685
8 1166 977 1710 1816
8 43 973 596 1813
8 614 971 1144 1815
8 851 115 1711 950
8 51 114 832 947
