1 204 528 619 968
1 1056 489 1370 975
1 1349 390 1750 972
1 225 1169 662 1842
1 264 1271 732 1831
1 715 1409 859 1835
1 887 1486 993 1835
1 975 1243 1535 1842
1 989 1327 1645 1828
1 116 2314 317 2708
1 362 2194 591 2705
1 246 2289 767 2719
1 750 2314 940 2708
1 979 1962 1567 2705
1 1158 2162 1711 2698
6 1563 1465 1750 1835
6 1701 1588 1747 1835
6 764 1317 848 1398
6 105 1405 225 1831
6 877 2335 933 2493
6 1652 419 1757 634
7 281 581 408 711
7 1183 521 1275 630
7 1482 464 1567 574
7 1669 461 1747 577
7 369 1236 521 1412
7 545 1335 676 1465
7 785 1437 841 1497
7 1366 1363 1553 1532
7 151 2345 221 2409
7 394 2272 581 2451
7 524 2349 693 2525
7 1310 2180 1606 2479
7 1222 2201 1504 2374
8 107 1874 953 2726
8 102 1008 859 1854
8 876 1005 1765 1854
8 92 147 622 987
8 1053 141 1759 978
8 973 1866 1765 2708
