1 104 470 257 957
1 229 424 553 961
1 557 334 936 950
1 1121 452 1285 950
1 1250 511 1368 957
1 1344 487 1490 950
1 1664 508 1751 640
1 111 1493 511 1800
1 400 1469 595 1831
1 491 1358 574 1629
1 550 1431 651 1817
1 762 1344 1051 1821
1 922 1368 1393 1824
1 1393 1323 1755 1817
1 1643 1344 1751 1598
1 1002 2054 1427 2685
1 1069 2106 1605 2691
1 1553 2228 1758 2678
6 682 1427 752 1702
6 734 1438 773 1689
6 1615 1361 1689 1476
6 665 2340 745 2577
6 738 2305 821 2531
6 832 2312 943 2566
6 964 2110 1090 2636
6 1490 2221 1612 2681
6 1692 2197 1751 2423
7 139 494 229 602
7 362 491 497 672
7 240 1539 306 1612
7 456 1521 532 1629
7 515 1389 553 1434
7 588 1452 626 1493
7 1215 1413 1323 1535
7 1434 1406 1539 1528
7 1636 1399 1685 1462
7 1671 1361 1744 1459
7 1271 2096 1410 2270
7 1333 2183 1448 2333
7 1594 2270 1675 2371
7 1706 2228 1751 2319
7 978 2232 1076 2336
8 958 1854 1773 2699
8 99 1852 948 2704
8 684 991 1766 1827
8 101 991 661 1829
8 963 128 1766 962
8 99 126 945 964
