1 173 615 600 1007
1 162 441 661 1007
1 1180 572 1435 933
1 1562 470 1739 731
1 91 1226 597 1880
1 523 1272 936 1877
1 1011 1254 1431 1880
1 1297 1173 1735 1880
1 137 2121 509 2736
1 282 2195 823 2739
1 979 2142 1283 2729
1 1269 2163 1693 2743
7 250 636 388 774
7 420 516 579 646
7 1272 611 1392 742
7 1601 484 1675 565
7 282 1251 392 1378
7 579 1329 738 1509
7 1113 1322 1258 1474
7 1495 1230 1650 1435
7 159 2152 321 2350
7 438 2297 671 2559
7 1018 2177 1134 2297
7 1396 2234 1541 2407
8 845 1903 1761 2749
8 89 1901 825 2750
8 962 1031 1757 1884
8 88 1031 958 1885
8 85 170 734 1014
8 1158 167 1752 1015
8 755 165 1133 1008
