1 125 604 569 947
1 150 475 695 720
1 1087 482 1388 950
1 1157 370 1692 954
1 1209 447 1381 811
1 206 1381 611 1748
1 506 1311 706 1632
1 709 1332 849 1632
1 884 1370 971 1608
1 919 1297 1087 1524
1 895 1318 1447 1821
1 1367 1401 1674 1825
1 31 2352 255 2681
1 125 2335 391 2664
1 342 2356 559 2678
1 597 2244 923 2678
1 839 2220 1122 2681
1 1143 2255 1381 2674
1 1342 2300 1604 2688
1 1436 2227 1681 2695
7 604 485 674 559
7 1101 559 1195 653
7 1237 468 1297 562
7 1283 437 1395 569
7 325 1415 465 1566
7 552 1356 643 1450
7 741 1370 842 1499
7 895 1388 940 1468
7 947 1318 1003 1405
7 1104 1367 1234 1538
7 1534 1482 1657 1657
7 80 2429 164 2583
7 199 2377 332 2527
7 349 2436 478 2573
7 608 2293 769 2534
7 888 2318 1066 2510
7 1199 2321 1300 2450
7 1356 2366 1461 2471
7 1454 2279 1639 2559
8 588 1843 1125 2692
8 1144 1842 1692 2700
8 24 1838 582 2688
8 890 989 1696 1825
8 30 979 868 1819
8 938 127 1701 962
8 32 120 921 953
