1 157 672 795 931
1 1061 406 1236 928
1 1208 444 1432 928
1 1478 567 1709 924
1 115 1285 371 1873
1 399 1264 605 1873
1 584 1257 725 1905
1 767 1292 1187 1894
1 1225 1495 1436 1901
1 1379 1471 1488 1800
1 1439 1509 1730 1898
1 87 2161 574 2703
1 294 2238 493 2668
1 500 2238 739 2710
1 1085 2399 1646 2703
1 1180 2147 1740 2696
7 1131 437 1208 521
7 1267 500 1330 577
7 1471 588 1544 672
7 276 1292 322 1379
7 462 1288 532 1355
7 616 1278 668 1344
7 830 1471 1127 1828
7 1330 1548 1379 1597
7 1460 1586 1614 1779
7 1400 1488 1460 1558
7 147 2255 343 2595
7 367 2276 441 2360
7 525 2276 616 2381
7 1166 2420 1372 2616
7 1215 2269 1488 2560
8 79 1942 919 2717
8 929 1934 1749 2715
8 81 964 1195 1915
8 1222 962 1745 1911
8 79 131 893 943
8 926 124 1745 936
