1 543 801 638 947
1 619 755 698 882
1 698 864 750 970
1 748 866 795 965
1 808 855 864 947
1 859 841 915 947
1 917 785 1023 984
1 75 1117 314 1434
1 506 1275 564 1406
1 587 1240 702 1441
1 695 1318 868 1443
6 875 1304 937 1399
6 894 1337 1020 1440
6 661 455 682 499
6 679 421 725 504
6 718 451 767 508
6 769 427 810 499
6 818 416 855 506
6 855 441 884 508
6 887 428 944 511
7 566 811 591 847
7 630 785 663 815
7 712 1365 750 1415
8 71 63 393 523
8 411 60 645 508
8 655 58 1068 508
8 68 521 1066 988
8 66 996 581 1448
8 561 983 1068 1448
6 328 908 355 975
6 351 913 376 978
