1 843 326 1009 499
1 675 337 824 499
1 455 307 557 504
1 510 262 642 457
1 84 330 178 494
1 153 307 259 492
1 229 296 338 495
1 70 732 270 949
1 243 672 462 947
1 504 644 734 949
1 732 626 1004 954
1 77 1154 211 1305
1 26 1307 88 1424
1 95 1302 195 1424
1 206 1249 292 1424
1 284 1233 331 1374
1 331 1231 393 1422
1 349 1189 420 1381
1 393 1150 462 1406
1 453 1110 495 1335
1 515 1339 555 1429
1 555 1341 605 1429
1 891 1367 958 1431
6 608 1355 645 1429
6 645 1360 682 1429
6 684 1374 702 1424
6 704 1369 718 1420
6 718 1369 748 1424
7 532 764 679 898
7 776 690 922 859
7 121 772 194 861
7 264 750 349 824
7 127 1187 157 1224
8 486 967 1010 1434
8 22 963 508 1432
8 26 510 490 955
8 475 516 1011 953
8 321 176 655 501
8 28 55 450 506
8 550 63 1015 506
