1 44 146 208 467
1 86 409 485 497
1 277 95 455 420
1 411 134 487 292
1 511 81 561 360
1 552 97 707 495
1 792 240 882 347
1 605 255 979 446
1 165 702 319 938
1 42 675 137 801
1 460 686 552 857
1 690 686 870 892
1 864 598 968 804
1 238 1042 310 1321
1 132 1258 255 1395
1 42 1230 157 1342
1 305 1081 414 1291
1 536 1141 617 1351
1 649 1226 769 1335
1 596 1080 679 1297
7 817 264 854 301
7 651 127 679 165
7 310 118 333 158
6 697 1129 917 1219
6 44 1162 241 1237
8 40 43 493 505
8 511 40 990 501
8 36 525 356 966
8 366 520 665 961
8 678 518 995 960
8 40 973 501 1453
8 518 970 991 1445
