7 141 142 171 176
7 476 139 502 172
7 799 185 841 222
7 494 555 534 596
7 587 575 615 617
7 728 582 755 628
7 135 988 188 1060
7 236 997 270 1046
7 93 1136 121 1171
7 360 1205 390 1249
7 728 1175 751 1205
7 852 1189 884 1240
7 910 1170 940 1222
7 813 1260 845 1300
7 465 1196 495 1235
1 84 118 307 368
1 372 128 571 368
5 458 162 656 370
1 848 82 975 416
1 750 128 885 418
1 51 649 148 781
6 47 585 109 645
6 109 584 176 691
6 172 622 234 693
6 241 640 347 790
6 317 637 377 762
1 398 531 561 785
1 557 548 693 788
1 645 622 806 785
6 838 596 892 721
1 60 887 238 1147
1 58 1122 114 1353
1 67 1238 287 1441
1 333 1162 462 1431
1 418 1150 525 1394
1 557 1113 658 1342
1 570 1141 769 1404
1 647 1244 870 1424
1 787 1097 898 1358
1 889 1159 979 1410
6 568 877 707 1007
6 446 877 568 1000
6 367 873 444 998
8 553 1018 995 1441
8 35 65 353 385
8 341 60 670 383
8 595 61 978 508
8 386 396 981 788
8 43 400 383 795
8 46 808 395 1155
8 365 798 986 1015
8 51 1023 533 1455
