7 130 187 155 218
7 294 218 326 270
7 210 225 225 254
7 52 225 75 250
7 188 716 275 866
7 652 278 674 314
7 836 232 861 254
7 790 769 861 873
7 889 751 975 896
1 49 201 102 481
1 104 162 208 444
1 194 211 240 352
1 220 197 414 430
1 578 262 709 506
1 709 211 831 506
1 831 211 931 492
1 44 622 345 982
1 730 705 885 991
1 900 718 1002 991
1 181 1173 347 1438
1 347 1187 465 1438
8 636 1009 1007 1452
8 34 1003 623 1450
8 428 613 707 999
8 721 534 1024 992
8 38 518 413 988
8 453 47 1022 516
8 41 41 438 505
