7 398 774 457 832
7 585 637 640 693
7 656 610 697 656
7 783 633 818 690
7 917 628 954 670
7 178 1224 224 1279
7 621 1164 656 1231
7 762 1175 788 1221
7 944 1203 967 1224
1 296 720 614 951
1 513 589 716 891
1 640 562 748 705
1 737 601 889 921
1 889 585 1012 949
1 123 1198 294 1436
1 202 1113 305 1300
1 328 1115 448 1438
1 548 1154 695 1441
1 697 1148 836 1438
1 815 1155 873 1441
1 880 1148 1004 1443
6 739 548 795 640
6 811 520 875 621
6 854 465 892 559
6 894 472 945 585
6 930 460 965 541
6 956 446 1000 508
8 55 967 527 1447
8 528 970 1023 1446
8 56 46 1023 955
