6 458 176 527 310
6 338 162 414 308
6 566 231 652 344
6 628 201 705 331
6 112 670 178 785
6 58 656 116 734
6 61 792 135 933
6 135 788 259 933
6 555 767 679 898
6 262 1258 326 1369
6 213 1231 259 1311
6 153 1231 206 1320
6 109 1245 139 1288
6 88 1291 151 1452
6 192 1305 271 1450
1 753 1222 912 1448
1 889 1203 1023 1448
1 77 326 271 483
1 270 326 453 483
1 697 257 802 437
1 820 273 960 442
7 801 1247 827 1282
7 912 1231 944 1258
8 382 951 719 1458
8 37 30 561 490
8 528 25 1036 535
8 38 501 668 941
8 531 523 1040 951
8 45 945 381 1458
