1 40 261 273 487
1 245 271 390 487
1 423 199 679 485
1 698 180 880 485
1 903 268 1002 485
6 97 753 148 806
6 158 755 220 829
6 391 827 478 967
6 478 760 601 967
6 601 764 681 974
1 700 801 762 970
1 764 730 868 965
1 868 778 1000 972
1 44 1210 181 1415
1 158 1184 266 1413
1 252 1155 511 1427
1 428 1159 536 1350
1 564 1242 690 1420
1 727 1081 850 1290
1 772 1228 995 1429
7 112 296 176 382
7 301 298 344 345
7 480 268 592 430
7 771 206 801 250
7 783 762 824 813
7 716 824 755 868
7 774 1104 810 1138
7 254 1203 300 1330
7 441 1210 485 1281
7 81 1238 105 1286
8 31 989 543 1433
8 697 515 1027 976
8 387 514 691 974
8 36 33 393 488
8 410 33 681 490
8 691 40 1013 493
8 35 486 370 975
8 553 990 696 1428
8 716 991 998 1431
