1 47 165 266 513
1 255 171 414 513
1 321 245 494 441
1 402 158 550 510
1 566 132 755 455
1 797 135 937 460
1 93 716 218 961
1 416 619 575 873
1 718 651 848 982
1 841 751 991 963
1 44 1028 270 1448
1 847 1064 998 1300
7 848 146 898 210
7 465 199 497 236
7 437 262 476 300
7 284 188 310 231
7 180 176 213 227
7 134 727 158 762
7 818 677 845 734
7 924 772 960 813
7 887 1087 908 1120
7 181 1051 211 1108
6 661 827 698 981
6 596 848 668 984
6 480 862 587 984
6 404 870 471 982
8 562 998 1005 1456
8 46 996 548 1456
8 44 529 386 987
8 42 45 554 518
8 565 50 998 520
8 400 530 705 985
8 713 530 1001 986
