7 757 157 787 225
7 787 197 820 241
7 432 663 469 723
7 374 681 395 720
7 644 633 670 690
7 674 605 716 656
7 892 665 921 727
7 938 716 963 769
7 236 1182 294 1258
7 345 1207 400 1284
1 112 142 354 483
1 342 391 541 522
7 582 123 610 180
1 746 181 884 480
1 631 137 753 483
1 541 102 647 402
6 409 127 490 291
6 374 148 418 268
1 398 587 508 984
1 151 665 291 981
1 70 704 227 928
1 527 564 682 981
1 649 598 815 975
1 831 638 997 975
1 900 705 997 907
1 201 1074 347 1461
1 344 1159 471 1441
6 513 1168 570 1422
6 566 1180 630 1346
6 601 1305 645 1406
6 651 1261 725 1417
6 742 1245 847 1413
6 829 1215 903 1371
6 905 1245 951 1387
8 44 546 516 983
8 533 537 1001 982
8 45 55 543 530
8 543 58 998 531
8 41 980 518 1461
8 493 998 1001 1465
