1 114 187 397 504
1 397 187 610 497
1 651 292 859 497
1 859 224 1042 497
1 74 705 227 997
1 227 665 393 997
1 464 621 651 852
1 517 746 712 990
1 739 610 845 988
1 847 652 1009 982
1 70 1208 211 1470
1 698 1129 799 1417
7 495 224 545 277
7 730 328 774 393
7 871 287 949 405
7 328 679 374 746
7 141 734 178 792
7 751 681 801 873
7 917 674 945 728
7 125 1219 169 1297
7 746 1154 769 1191
6 887 1189 1035 1454
8 49 38 616 506
8 631 34 1056 502
8 53 528 406 1000
8 421 520 723 1001
8 733 523 1051 995
8 58 1021 406 1466
8 421 1018 611 1466
8 628 1011 1056 1466
