1 68 254 206 421
1 204 224 409 382
1 536 144 656 425
1 656 187 781 421
1 141 727 236 892
1 224 742 338 892
1 547 810 656 970
1 674 841 945 1014
1 44 1185 194 1441
1 188 1196 338 1432
7 294 232 337 301
7 171 282 197 338
7 570 848 612 908
7 690 868 725 963
7 642 598 681 640
7 769 600 806 644
1 744 575 870 697
1 607 552 744 702
1 501 554 601 698
8 248 1029 971 1446
8 38 1028 550 1443
8 532 65 992 432
8 40 63 515 430
8 36 448 455 1016
8 473 476 976 710
8 471 715 971 1016
7 721 216 766 271
7 595 195 643 253
