1 377 340 534 492
1 554 215 723 501
1 753 240 1018 497
1 98 732 217 901
1 391 667 730 993
1 730 679 870 958
1 774 691 1018 961
1 252 1281 335 1434
1 374 1270 471 1418
1 827 1242 926 1438
1 898 1120 1018 1448
7 628 322 700 435
7 878 326 981 442
7 810 704 850 746
7 970 721 1002 758
7 111 744 178 820
7 871 1297 942 1364
6 268 388 317 499
6 157 393 194 497
6 120 390 162 495
6 65 1261 98 1341
6 93 1258 128 1334
6 150 1251 181 1318
6 112 1304 218 1350
8 55 56 538 505
8 546 51 1031 506
8 51 518 511 971
8 611 518 1030 968
8 356 620 710 970
8 50 981 536 1451
8 523 981 1030 1451
