6 880 135 917 252
6 922 134 945 298
6 945 134 975 275
6 330 788 405 928
6 404 822 511 967
1 45 169 162 506
1 174 178 328 510
1 344 307 471 513
1 421 141 587 478
1 605 197 787 511
1 746 321 984 515
1 38 612 204 965
1 144 570 409 963
1 540 626 698 970
1 667 734 894 970
1 855 656 930 917
1 930 668 979 975
1 38 1113 204 1447
1 180 1094 368 1447
1 381 1115 504 1448
1 529 1138 714 1342
1 714 1125 937 1342
8 531 523 986 975
8 37 522 524 970
8 602 59 996 512
8 41 55 330 513
8 335 58 586 510
8 33 978 511 1455
8 528 983 976 1455
7 620 645 688 721
7 791 750 848 835
7 926 683 971 736
7 431 181 538 306
7 393 341 475 483
7 95 191 133 236
7 203 211 241 253
7 661 210 711 266
7 66 1163 183 1296
7 198 1165 295 1270
7 383 1150 473 1286
7 148 636 198 726
7 330 653 393 731
7 595 1153 650 1228
7 793 1150 848 1210
7 880 683 911 726
