1 37 287 132 488
1 130 296 201 457
1 208 294 358 490
1 411 294 538 495
1 497 317 559 418
1 568 247 663 471
1 160 790 333 970
1 292 772 381 889
1 520 691 787 919
1 790 744 981 951
1 391 1282 501 1443
1 361 1104 529 1277
1 552 1117 808 1431
1 757 1143 1014 1258
1 811 1275 997 1443
7 600 275 631 321
7 63 305 90 352
7 139 317 162 345
7 810 783 875 871
7 578 1198 718 1364
7 384 1124 451 1191
7 822 1157 884 1210
6 75 1281 105 1365
6 37 1339 75 1425
8 35 972 541 1449
8 509 970 1007 1447
8 35 45 1008 500
8 333 156 681 496
8 33 505 530 958
8 493 511 1008 960
