7 123 238 172 296
7 502 192 531 227
7 82 684 111 720
7 787 679 841 772
7 296 1113 344 1161
7 331 1261 391 1323
7 720 1118 744 1155
7 831 1208 854 1242
6 612 298 716 469
6 735 303 817 420
6 806 296 866 421
6 232 202 287 285
1 44 190 245 499
1 377 150 592 497
1 44 667 162 947
1 559 638 967 986
1 51 1065 425 1447
1 250 1192 532 1454
1 552 1132 667 1367
1 580 1325 716 1457
1 684 1102 767 1457
1 785 1194 896 1448
1 882 1106 1011 1448
8 44 999 537 1457
8 546 994 1019 1462
8 553 529 1032 996
8 43 525 553 986
8 38 50 343 518
8 358 58 601 518
8 611 60 1013 518
