1 42 292 153 520
1 148 328 312 520
1 70 206 190 363
1 245 201 358 381
1 704 307 854 511
1 822 174 970 474
1 705 164 831 308
1 153 725 261 910
1 594 686 780 887
1 494 691 555 875
1 855 649 930 781
1 919 638 968 799
1 954 658 998 795
1 45 1175 112 1436
1 81 1076 181 1438
1 172 1074 310 1432
1 289 1110 397 1429
1 377 1095 552 1440
1 571 1037 661 1376
1 610 1124 751 1358
1 640 1134 820 1362
1 591 1228 825 1432
1 855 1127 891 1304
1 871 1143 944 1298
1 942 1161 1002 1360
7 259 236 328 324
7 407 236 453 287
7 508 266 552 324
7 319 734 360 810
7 412 721 441 767
7 615 707 667 788
7 843 197 928 333
7 753 211 795 305
7 776 354 827 451
7 194 1117 248 1191
7 102 1154 169 1208
7 60 1224 104 1295
7 377 1129 393 1175
7 457 1138 506 1194
7 589 1113 633 1166
7 695 1161 732 1210
7 109 248 160 308
8 593 58 999 524
8 35 61 570 525
8 35 536 488 910
8 495 528 998 895
8 40 906 558 1441
8 570 905 823 1438
8 833 903 1003 1431
