7 407 142 448 210
7 195 259 243 321
7 141 317 190 393
7 342 356 397 425
7 751 194 804 261
7 817 262 859 310
7 885 240 951 294
7 810 462 850 552
7 409 702 462 757
7 185 610 229 645
7 125 661 162 709
7 123 764 174 810
7 204 873 234 928
7 441 815 504 878
7 481 750 532 792
7 644 748 686 795
7 704 834 748 889
7 915 822 949 855
7 930 967 982 1037
7 981 727 1002 764
7 202 1161 259 1245
7 427 1268 464 1320
7 476 1298 522 1344
7 444 1365 483 1410
7 912 1293 944 1334
7 945 1290 970 1334
7 979 1298 1002 1337
1 360 100 723 234
1 132 204 483 344
1 42 328 642 442
1 349 345 499 497
1 716 169 813 305
1 709 250 873 465
1 862 201 997 428
1 658 460 1011 575
1 139 824 342 991
1 88 720 310 795
1 155 580 340 776
1 381 652 490 750
1 467 711 550 797
1 393 780 541 892
1 499 704 734 972
1 552 794 811 1048
1 742 714 898 930
1 838 799 984 979
1 914 668 1014 884
1 818 951 1012 1048
1 52 1110 365 1364
1 407 1228 474 1364
1 442 1346 524 1452
1 480 1272 548 1450
1 686 1166 802 1365
1 873 1247 933 1392
1 921 1254 975 1399
1 967 1277 1016 1447
8 31 53 651 521
8 671 51 1013 548
8 445 541 1015 1056
8 88 546 551 998
8 43 1001 663 1450
8 676 1063 1020 1453
