7 91 287 125 322
7 176 301 208 349
7 476 241 527 277
7 769 227 811 266
7 822 268 845 314
7 215 693 259 744
7 405 748 441 790
7 585 822 617 848
7 829 598 868 637
7 171 1170 206 1238
7 855 1170 896 1217
7 801 1272 836 1312
7 626 1138 652 1173
7 598 1120 612 1147
1 802 224 938 510
1 612 172 817 510
1 420 157 663 511
1 227 292 381 511
1 114 257 213 513
1 74 252 128 434
1 77 626 171 718
1 155 652 497 970
1 375 721 538 855
1 578 788 746 972
1 682 764 845 866
1 806 559 947 945
1 945 675 1035 982
1 105 1154 370 1417
1 420 1205 644 1475
1 615 1110 700 1293
1 728 1258 1030 1466
1 801 1140 1005 1394
8 71 60 390 516
8 406 61 1035 511
8 571 533 1036 990
8 76 533 545 996
8 76 1015 395 1478
8 415 1008 705 1480
8 726 1011 1038 1470
