1 49 259 199 467
1 220 262 412 469
1 453 289 575 418
1 658 264 780 450
6 905 167 974 254
1 178 635 262 739
1 262 690 328 841
1 240 765 363 938
1 47 695 158 944
1 382 730 534 940
1 578 693 638 873
1 541 681 584 884
1 457 654 543 857
1 679 644 864 933
1 871 735 986 935
1 107 1132 280 1445
1 211 1118 480 1413
1 506 1136 591 1224
1 598 1136 698 1279
1 697 1124 785 1387
1 778 1242 866 1441
1 610 1254 728 1440
1 513 1219 622 1445
7 294 321 342 382
7 97 328 151 384
7 776 654 811 698
7 485 698 508 727
7 907 769 930 794
7 282 1173 319 1203
7 543 1155 577 1198
7 615 1164 654 1207
7 716 1154 750 1192
7 794 1252 829 1325
7 656 1268 690 1328
7 564 1233 589 1288
8 45 961 496 1453
8 500 952 999 1446
8 46 51 415 476
8 436 48 981 473
8 43 488 365 945
8 380 485 646 943
8 668 480 988 941
7 143 1145 191 1205
