1 42 616 155 844
1 51 632 411 1222
1 948 734 1231 1039
1 754 664 815 851
1 702 614 770 819
1 618 666 682 817
1 494 659 582 806
7 528 657 571 702
7 650 670 684 704
7 106 684 158 783
7 88 1524 137 1599
7 359 1542 406 1596
7 505 1563 580 1637
7 851 1545 880 1592
7 980 1542 1020 1572
1 40 1479 142 1646
1 108 1450 356 1845
1 311 1508 467 1734
1 435 1538 508 1646
1 417 1517 641 1840
1 688 1443 761 1673
1 718 1563 867 1822
1 928 1517 1068 1768
1 1059 1407 1149 1698
1 1091 1549 1264 1840
1 754 1441 819 1558
1 822 1536 932 1750
8 41 1319 650 1849
8 667 1256 1281 1849
8 38 253 1275 1239
