7 209 288 315 372
7 727 783 805 840
7 247 1566 386 1713
7 544 1552 679 1678
7 1125 209 1191 286
1 1030 136 1228 639
1 732 138 1050 628
1 163 187 443 425
1 686 723 900 1019
1 919 652 1217 979
1 57 1442 461 1839
1 381 1398 712 1835
1 116 1577 216 1733
1 55 1581 141 1775
7 143 1623 189 1676
7 59 1625 116 1687
6 738 1557 774 1586
6 754 1676 813 1713
6 816 1661 866 1694
6 791 1720 831 1758
6 902 1758 957 1786
6 928 1788 970 1817
6 761 1477 787 1522
8 744 1227 1279 1831
8 42 1226 717 1837
8 38 659 1275 1206
8 33 73 678 636
8 699 36 1272 636
