1 42 236 165 417
1 49 258 392 615
1 446 203 633 618
1 372 339 531 613
1 698 261 850 618
1 834 281 1008 631
1 75 881 281 1220
1 283 881 397 1118
1 267 816 640 1216
1 1082 932 1263 1216
1 227 1410 350 1615
1 698 1535 861 1832
1 959 1553 1182 1838
1 1100 1486 1258 1841
7 223 332 328 466
7 486 368 569 589
7 383 435 486 528
7 78 276 140 339
7 160 935 243 984
7 299 894 357 957
7 403 957 564 1156
7 1086 1046 1196 1207
6 669 850 899 1227
7 676 897 720 966
6 796 1432 845 1515
6 843 1446 906 1524
6 881 1437 941 1488
6 120 1399 227 1575
6 212 1584 366 1783
6 348 1379 549 1600
6 1010 258 1111 511
6 1156 254 1220 513
8 660 1246 1267 1835
8 31 1243 641 1837
8 663 723 1268 1225
8 35 648 645 1226
8 668 75 1271 630
8 38 43 648 630
