7 136 345 192 428
7 322 870 394 986
7 475 854 569 959
7 820 1558 970 1758
7 1065 1562 1213 1818
7 1078 1132 1152 1199
7 748 316 793 378
7 1026 322 1076 387
7 1109 325 1136 369
7 172 892 208 957
7 529 1466 574 1524
7 605 1464 648 1513
1 53 300 248 657
1 221 464 392 661
1 387 322 585 661
1 121 872 242 1161
1 233 838 414 1163
1 381 831 692 1206
1 742 917 1029 1251
1 1042 1069 1269 1242
1 625 289 883 661
1 1013 320 1125 500
1 1092 318 1179 482
6 1154 327 1210 459
6 919 468 1154 668
6 876 266 1065 589
1 159 1500 443 1823
1 423 1477 502 1758
1 500 1446 614 1796
1 587 1453 686 1771
1 641 1502 735 1827
1 764 1509 1058 1843
1 1038 1527 1275 1823
8 48 1345 739 1837
8 762 1275 1285 1839
8 727 766 1284 1256
8 51 739 705 1255
8 609 125 1284 677
8 51 36 584 678
