1 736 311 963 621
1 1021 258 1262 629
1 242 901 447 1132
1 476 863 681 1124
1 629 848 725 1124
1 721 1593 1019 1822
1 282 460 449 594
6 416 365 545 445
6 171 556 218 623
6 115 556 173 621
6 60 549 120 621
6 35 545 97 609
6 999 957 1079 1066
6 1043 1019 1115 1092
6 1030 794 1108 876
6 1119 770 1159 839
6 1124 807 1184 874
6 1175 810 1250 874
6 910 509 1008 629
6 832 560 890 632
6 721 500 785 614
1 1141 296 1255 641
8 39 1228 1054 1834
8 753 722 1269 1137
8 236 652 731 1136
8 36 132 694 630
8 717 35 1269 631
