7 932 140 1064 219
7 445 963 612 1154
7 758 1536 912 1764
7 995 1480 1109 1603
7 1162 1471 1227 1545
7 181 442 237 512
1 666 152 1196 637
1 76 429 243 623
1 934 825 1203 1236
1 53 1601 232 1842
1 404 1672 632 1847
1 657 1377 932 1847
1 950 1413 1234 1845
1 1154 1431 1272 1773
1 916 1536 990 1632
6 268 413 420 559
6 433 297 503 407
6 514 411 639 525
1 290 847 648 1243
1 308 1440 407 1650
1 393 1467 454 1648
1 422 1449 507 1654
1 512 1487 577 1630
1 178 726 310 914
1 355 746 422 921
6 755 796 818 878
8 40 1264 645 1857
8 661 1260 1274 1854
8 663 728 1273 1244
8 38 665 645 1247
8 39 149 645 647
8 662 53 1272 645
