1 44 334 310 607
1 428 392 600 609
1 678 325 853 614
1 838 279 1048 614
1 1066 210 1261 605
1 64 902 255 1144
1 252 864 359 1153
1 325 858 436 1148
1 410 873 496 1139
1 487 878 612 1139
1 474 1394 702 1822
1 108 1261 184 1368
1 177 1281 257 1372
1 279 1323 383 1476
6 1099 1428 1264 1785
6 938 1434 1084 1778
6 1082 1073 1182 1144
1 891 931 1031 1142
1 740 833 933 1148
1 711 858 811 1135
1 687 838 727 1097
8 42 1171 1277 1838
8 44 738 664 1150
8 685 736 1277 1151
8 629 106 1274 618
8 42 43 609 617
