1 104 194 610 530
6 368 270 471 488
6 462 283 562 486
1 702 900 964 1234
1 896 719 1238 1251
1 205 872 575 1258
1 39 706 235 1260
1 669 1559 800 1753
1 881 1664 1007 1760
1 992 1563 1123 1736
1 1149 1638 1258 1764
1 1036 1557 1180 1758
6 654 246 721 405
6 671 320 874 510
6 885 359 979 525
6 1105 444 1164 519
1 85 1500 340 1784
1 327 1622 431 1755
8 44 1352 581 1806
8 597 1324 1275 1808
8 673 623 1271 1265
8 39 558 652 1264
8 655 113 1265 536
8 37 62 631 533
6 560 1153 630 1266
6 607 1145 640 1258
6 636 1143 653 1254
6 1170 465 1238 529
6 1213 444 1258 523
