7 1086 275 1252 413
7 772 206 866 322
7 526 139 617 217
7 797 708 1021 999
7 1070 872 1221 988
7 317 866 455 990
7 1155 1183 1248 1252
7 1075 1259 1148 1314
1 59 99 601 675
1 362 95 655 575
1 701 148 921 455
1 881 124 1277 661
1 908 1048 1097 1643
1 1128 1101 1297 1656
1 1052 1212 1172 1599
1 1052 764 1277 1010
1 257 757 499 1015
1 777 693 1043 1015
1 350 1141 468 1390
8 489 1185 878 1850
8 48 1134 469 1853
8 906 1031 1291 1848
8 46 675 1286 1014
8 40 48 1281 672
6 291 1611 329 1764
6 333 1611 371 1745
5 54 1558 314 1820
6 69 1476 172 1657
