7 76 210 156 293
7 302 213 351 276
7 563 161 600 205
7 774 154 811 208
7 894 371 933 412
7 500 426 575 468
7 252 548 305 609
7 319 623 341 668
7 580 656 646 758
7 796 643 872 713
7 79 1169 123 1246
7 560 1183 660 1325
7 792 1154 932 1407
1 35 181 281 437
1 244 174 463 466
1 67 395 373 477
1 507 134 670 461
1 668 129 857 421
1 577 351 935 477
1 37 495 286 935
1 242 578 397 875
1 388 558 477 758
1 494 595 842 937
1 672 550 935 933
1 30 1162 137 1403
1 135 1169 329 1405
1 497 1103 685 1402
1 626 1076 784 1402
1 752 1069 928 1410
7 305 1081 329 1115
8 32 958 484 1416
8 496 952 942 1416
8 495 493 940 945
8 34 493 482 945
8 34 29 483 478
8 496 28 939 480
