7 192 227 222 265
7 248 111 268 140
7 315 182 344 205
7 523 288 553 325
7 658 298 675 334
7 673 322 710 347
7 736 305 774 337
7 791 293 813 317
7 570 633 614 692
7 660 651 712 707
7 756 666 813 715
7 881 666 940 720
7 513 656 546 702
7 270 621 295 651
7 314 602 337 636
7 415 617 430 648
7 216 617 251 653
7 92 619 113 646
7 881 298 918 332
7 614 1100 683 1218
7 232 1021 285 1070
7 222 1217 278 1288
1 64 185 236 452
1 178 86 319 432
1 280 138 467 450
1 486 244 582 454
1 579 263 712 462
1 656 281 732 440
1 722 273 855 464
1 849 276 925 477
1 48 592 126 923
1 123 597 214 923
1 180 601 275 915
1 244 599 305 899
1 295 579 388 828
1 395 584 457 798
1 469 584 584 798
1 560 579 653 798
1 629 601 731 845
1 722 553 886 833
1 822 584 948 835
1 45 1183 381 1391
1 118 960 339 1288
1 575 1028 737 1386
8 32 935 568 1406
8 33 27 465 475
8 487 23 932 475
8 33 494 566 929
8 462 470 947 947
8 581 951 935 1404
