1 112 125 343 468
1 358 288 494 536
1 492 195 645 609
1 662 268 912 618
1 682 203 903 584
1 861 186 937 509
1 545 737 934 990
1 497 699 735 1000
1 35 637 270 917
1 327 691 465 876
1 59 1104 168 1403
1 181 990 477 1413
1 492 1004 713 1177
1 492 1199 694 1403
7 215 166 273 241
7 380 314 436 356
7 531 249 577 304
7 706 305 783 377
7 817 251 874 314
7 725 752 812 856
7 557 767 671 863
7 382 710 424 749
7 115 679 173 728
7 108 1134 142 1167
7 392 1009 428 1051
7 541 1065 625 1134
7 557 1291 631 1374
8 494 1026 940 1415
8 493 1010 929 1186
8 34 958 481 1415
8 494 631 940 997
8 32 470 509 953
8 36 28 345 470
8 665 27 938 620
8 359 27 653 617
