7 237 318 293 376
7 447 328 550 438
7 130 210 152 238
7 770 364 840 442
7 135 736 188 804
7 337 694 359 728
7 679 548 735 591
7 132 1197 167 1238
7 64 1192 88 1231
7 284 1201 304 1226
7 487 1211 506 1233
7 606 1285 653 1358
7 672 1006 703 1043
1 64 193 171 428
1 203 282 379 533
1 420 281 584 457
1 652 169 757 415
1 780 137 874 332
1 791 315 930 469
1 645 504 855 891
1 413 770 877 911
1 262 677 411 982
1 33 687 328 1014
1 44 1179 101 1363
1 79 1179 215 1407
1 272 1190 364 1251
1 423 1202 530 1404
1 543 1265 687 1407
1 784 1279 892 1411
1 669 1085 775 1397
1 611 1001 758 1096
7 811 149 833 172
7 713 181 733 201
8 590 27 950 476
8 32 27 414 539
8 416 22 592 468
8 33 558 409 1019
8 430 492 947 942
8 537 955 948 1406
8 40 958 531 1404
