1 189 180 288 349
1 283 207 403 454
1 682 145 922 456
1 506 214 680 466
1 32 667 219 932
1 251 623 474 927
1 501 623 746 925
1 706 680 927 920
1 748 1104 922 1398
1 564 1108 674 1403
1 608 1113 738 1397
1 241 1289 287 1402
1 77 1283 130 1402
7 746 219 839 295
7 601 300 670 386
7 119 696 214 792
7 280 660 351 766
7 645 716 697 775
7 773 755 819 819
7 795 1128 832 1179
7 672 1152 701 1202
7 645 1155 663 1194
7 223 194 241 211
8 25 950 545 1415
8 560 949 934 1409
8 31 492 482 934
8 500 491 932 934
8 29 27 470 476
8 486 26 933 474
