1 120 192 267 461
1 186 216 334 478
1 573 318 754 475
1 615 167 847 377
1 182 720 318 954
1 397 688 609 940
1 629 744 732 935
1 756 717 937 891
1 131 1097 296 1338
1 404 1153 771 1394
1 548 1128 678 1339
1 614 1070 735 1314
1 744 1118 930 1402
7 668 211 720 268
7 182 221 230 280
7 252 778 316 854
7 421 752 536 886
7 681 776 725 834
7 828 749 886 808
7 150 1160 219 1267
7 541 1185 587 1273
7 590 1162 634 1218
7 651 1118 700 1163
7 771 1147 828 1207
8 400 959 946 1409
8 32 955 388 1410
8 601 495 937 946
8 327 495 649 946
8 32 495 371 947
8 31 31 936 482
