1 605 220 929 470
1 764 215 936 425
1 490 213 601 474
1 322 211 472 464
1 223 122 363 472
1 30 122 253 432
1 33 571 225 894
1 65 580 307 941
1 395 670 472 818
1 499 659 736 936
1 684 640 795 864
1 775 727 922 936
1 504 1030 711 1395
1 356 1064 470 1348
1 238 1052 381 1393
1 131 1057 262 1356
7 815 253 909 351
7 642 415 764 457
7 527 272 601 376
7 396 235 430 287
7 302 179 329 216
7 200 144 243 238
7 208 598 290 736
7 75 628 149 744
7 423 694 445 722
7 583 759 660 857
7 845 793 889 847
7 748 660 769 696
7 497 1064 659 1339
7 198 1101 226 1133
7 304 1099 337 1134
7 393 1086 430 1117
8 490 955 934 1408
8 30 955 475 1406
8 490 489 933 941
8 31 488 476 941
8 26 23 484 476
8 485 26 932 477
