7 717 117 754 159
7 442 140 473 181
7 223 135 259 167
7 71 753 123 812
7 283 765 320 822
7 541 658 571 705
7 624 646 642 685
7 687 649 714 676
7 885 636 916 685
7 754 995 927 1243
7 117 1145 176 1226
7 376 1041 442 1123
1 821 91 931 481
1 648 59 887 480
1 344 113 566 478
1 184 110 305 417
1 37 680 242 936
1 176 710 432 941
1 491 641 585 904
1 563 620 653 902
1 659 632 773 727
1 678 744 938 936
1 834 627 941 921
1 61 1129 206 1411
1 324 1006 490 1229
1 631 966 934 1401
8 345 30 630 486
8 34 30 329 487
8 644 28 943 480
8 488 499 946 943
8 32 506 472 942
8 36 962 495 1413
8 512 961 943 1411
