7 233 263 416 439
7 561 396 620 464
7 784 178 812 209
7 652 176 680 199
7 589 1151 742 1321
7 809 784 837 820
7 677 790 714 842
7 386 1195 442 1255
7 233 1078 266 1115
7 223 804 256 847
7 141 1158 186 1231
1 19 34 471 559
1 512 349 922 592
1 625 156 892 392
1 114 739 193 915
1 166 770 309 943
1 644 754 734 967
1 727 760 922 973
1 36 1105 289 1390
1 176 1038 316 1293
1 292 1168 487 1385
1 526 1060 927 1376
8 465 990 933 1392
8 24 957 491 1396
8 637 606 932 979
8 323 584 633 979
8 26 581 319 950
8 23 32 505 568
8 501 21 932 597
