7 114 292 216 417
7 250 338 287 376
7 393 292 486 374
7 520 224 571 275
7 859 80 912 132
7 798 732 868 813
7 114 634 177 842
7 377 606 418 650
7 280 641 306 679
7 794 1254 849 1353
1 818 59 927 491
1 629 93 817 498
1 451 154 614 379
1 337 233 570 432
1 52 251 323 490
1 214 309 323 425
1 30 624 177 897
1 177 587 323 910
1 303 672 417 910
1 343 568 461 907
1 478 672 684 903
1 798 684 922 914
1 740 796 803 893
1 422 1167 733 1370
1 783 1174 931 1368
1 107 1077 219 1319
8 411 931 940 1415
8 34 926 404 1415
8 478 397 939 921
8 31 394 468 920
8 32 30 330 501
8 622 29 938 510
8 325 28 628 439
