7 265 163 318 238
7 149 275 227 362
7 643 125 694 173
7 785 122 864 226
7 763 624 814 683
7 629 615 673 678
7 62 605 127 673
7 154 1088 273 1252
7 365 1131 445 1246
7 188 1240 409 1342
7 583 1178 624 1240
7 685 1168 736 1229
7 774 1126 894 1374
1 687 91 932 471
1 551 103 740 331
1 85 263 476 483
1 204 124 430 335
1 35 581 185 831
1 45 653 471 933
1 483 592 586 908
1 540 581 680 932
1 694 595 920 860
1 556 772 906 928
1 44 1064 301 1289
1 37 1233 478 1405
1 287 1092 483 1383
1 498 1098 671 1401
1 626 1085 802 1400
1 768 1059 928 1406
8 35 959 481 1413
8 494 958 941 1413
8 36 492 478 955
8 493 30 938 479
8 16 14 478 479
8 488 488 939 943
