7 204 243 311 367
7 308 1015 345 1054
7 498 677 533 737
7 557 932 592 975
7 614 948 657 986
7 661 943 699 986
7 712 945 745 986
7 742 951 780 1005
7 790 959 823 992
1 104 185 313 481
1 576 209 638 337
1 592 250 836 487
1 755 235 848 460
1 159 634 345 842
1 288 690 386 839
1 454 649 543 847
1 544 657 646 847
1 693 736 780 848
1 804 760 863 848
1 783 707 840 847
1 734 627 794 742
1 658 644 720 749
1 215 996 437 1227
1 546 920 598 1125
1 600 939 653 1129
1 658 927 703 1122
1 709 923 809 1125
1 791 946 834 1125
6 685 615 730 711
6 718 581 760 698
6 443 1113 501 1227
6 418 1100 456 1219
6 330 1087 364 1149
6 367 1086 403 1155
6 494 1092 533 1224
8 544 862 866 1237
8 205 860 539 1233
8 453 545 869 855
8 58 492 448 849
8 478 112 874 490
