7 174 166 305 373
7 664 197 701 254
7 752 208 789 248
7 211 608 251 698
7 268 607 324 687
7 352 631 404 696
7 520 637 577 735
7 607 625 658 701
7 670 617 750 753
1 86 152 410 455
1 491 206 553 413
1 574 191 746 438
1 733 194 854 441
1 111 613 245 795
1 239 583 349 803
1 338 605 483 801
1 498 608 588 803
1 597 605 705 807
1 673 596 861 809
1 179 1022 273 1198
1 268 980 415 1192
6 650 920 685 994
6 692 923 730 994
6 801 945 846 1019
8 66 822 471 1200
8 482 821 874 1099
8 497 507 875 812
8 484 70 876 449
8 65 456 485 812
5 557 942 649 1003
5 729 919 800 999
1 110 1108 185 1199
6 364 1044 418 1142
6 415 1032 465 1197
