7 83 194 252 396
7 532 200 576 265
7 642 247 691 301
7 781 244 830 306
7 451 641 494 686
7 547 641 587 689
7 677 655 724 707
7 760 647 808 704
7 151 1012 208 1132
7 315 1067 388 1154
7 468 1012 536 1105
7 558 974 599 1032
7 719 991 765 1060
1 52 149 303 465
1 468 194 598 336
1 584 200 735 440
1 764 232 863 457
1 457 611 508 816
1 521 612 603 816
1 573 648 716 820
1 740 637 862 817
1 667 628 756 816
1 67 1008 246 1204
1 251 1051 437 1204
1 456 945 541 1136
1 535 966 629 1141
1 707 985 808 1143
8 456 836 866 1213
8 53 832 444 1213
8 454 477 869 824
8 59 474 444 820
8 468 91 870 466
