7 108 243 269 444
7 558 648 617 710
1 32 156 320 498
1 540 227 766 419
1 145 628 213 784
6 218 599 289 729
1 459 634 673 832
1 665 606 879 846
6 99 1004 185 1184
6 142 1131 213 1226
6 272 967 345 1086
6 352 972 387 1062
6 387 972 416 1066
6 422 978 462 1082
1 492 959 599 1122
1 631 907 832 1076
8 482 864 896 1240
8 69 863 473 1244
8 458 501 882 851
8 477 107 883 487
8 65 500 447 849
5 519 286 865 479
5 257 685 443 839
5 216 665 290 780
5 760 889 881 1067
5 190 1114 295 1238
5 311 1147 405 1239
5 71 1061 251 1188
5 299 1014 369 1108
