7 145 166 299 354
7 748 192 807 275
7 547 227 596 288
7 163 563 221 646
7 317 569 368 651
7 407 578 455 651
7 678 572 748 663
7 148 989 196 1069
7 308 962 357 1022
7 491 912 550 998
7 661 921 735 1013
1 102 112 330 416
1 503 218 642 389
1 723 169 875 410
1 103 547 240 760
1 306 566 449 769
1 404 554 479 765
1 490 648 562 766
1 557 619 623 765
1 617 623 702 760
7 491 667 541 712
7 566 635 614 693
7 626 635 666 679
1 94 977 282 1148
1 291 944 445 1144
1 461 903 622 1084
1 658 926 771 1090
8 460 780 898 1158
8 91 774 456 1155
8 493 421 901 772
8 98 419 490 771
8 497 31 906 411
