7 106 215 309 404
7 94 594 153 699
7 180 586 232 667
7 318 569 357 619
7 390 546 442 599
7 765 952 823 1012
7 544 687 588 789
1 89 138 335 433
1 84 563 150 814
1 142 563 251 770
1 284 571 376 830
1 375 543 473 822
1 541 561 695 693
1 618 616 833 827
1 76 962 145 1158
1 117 1015 441 1199
1 112 982 301 1150
1 489 927 577 1103
1 560 919 671 1104
1 684 913 882 1104
6 627 282 667 359
6 671 282 698 349
6 701 284 732 351
6 499 296 569 442
6 602 354 671 448
6 656 409 737 450
6 750 346 809 436
6 808 282 878 453
8 486 834 889 1218
8 73 829 473 1212
8 492 464 892 827
8 80 455 483 821
8 494 83 896 458
