7 124 164 269 356
7 535 197 597 280
7 699 250 755 336
7 143 649 221 745
7 286 573 388 694
7 689 884 788 1054
7 291 963 367 1043
7 199 1008 259 1108
1 100 138 336 465
1 500 172 633 395
1 654 227 885 430
1 79 605 230 817
1 237 544 444 818
7 62 963 111 1038
7 127 966 178 1029
1 68 922 114 1075
1 124 930 173 1067
1 63 997 246 1204
1 246 931 434 1186
1 598 860 871 1130
1 688 608 782 831
1 624 589 700 829
6 527 547 606 648
8 455 837 878 1216
8 64 831 448 1212
8 461 472 889 833
8 72 463 455 824
8 494 79 897 466
