7 144 228 274 355
7 544 272 614 357
7 725 257 781 340
7 165 671 206 734
7 288 631 334 694
7 416 640 458 703
7 512 646 559 708
7 610 962 654 1014
7 712 948 757 1005
7 792 944 836 1001
7 843 941 876 1033
1 98 170 432 508
1 502 249 691 493
1 703 233 832 499
1 85 649 229 841
1 242 626 363 841
1 357 602 470 841
1 495 640 568 823
1 81 1014 160 1212
6 482 919 522 1065
6 502 936 596 1152
1 593 918 674 1148
6 711 935 787 1148
1 790 895 841 1148
6 843 924 878 1154
8 479 855 886 1226
8 75 850 472 1220
8 486 508 887 847
8 493 97 888 497
1 163 932 382 1213
8 79 503 474 842
