7 125 194 263 321
7 703 225 761 275
7 796 191 868 266
7 114 570 164 615
7 170 571 213 623
7 209 628 247 683
7 252 582 293 626
7 304 543 341 590
7 305 617 340 666
7 351 557 387 606
7 418 565 452 626
7 369 639 435 714
7 579 556 620 598
7 526 894 564 965
7 606 912 651 996
7 755 854 803 951
1 86 123 379 446
1 695 197 791 443
1 785 158 886 446
6 503 311 550 412
6 550 253 648 419
6 637 305 697 415
6 474 683 532 744
6 531 662 592 752
1 79 550 181 700
1 302 617 451 807
1 101 991 181 1184
1 294 927 391 1187
1 206 905 263 1181
1 246 922 324 1184
1 468 888 554 1095
1 539 902 753 1098
1 749 832 869 1103
1 571 545 742 818
1 622 534 789 814
1 744 584 825 808
1 184 614 289 770
8 58 880 449 1195
8 455 821 878 1209
8 468 499 891 823
8 496 61 905 451
8 72 438 458 811
