7 137 161 272 310
7 531 226 584 306
7 654 240 705 319
7 800 241 843 287
7 94 632 137 662
7 253 601 289 654
7 366 588 410 652
7 336 627 360 675
7 524 559 568 675
7 748 589 778 617
7 827 637 846 670
7 525 919 579 983
7 761 924 807 995
1 51 125 320 451
1 486 203 642 429
1 634 184 796 428
1 764 207 871 426
1 65 602 188 793
1 230 575 326 786
1 353 544 443 787
6 428 602 458 788
1 473 508 584 793
1 592 604 728 783
6 718 589 784 687
6 818 618 877 781
6 73 923 101 1030
6 105 904 137 1063
6 313 1003 392 1154
6 164 944 270 1159
1 455 913 621 1101
1 682 900 881 1099
8 68 803 445 1175
8 453 797 883 1171
8 65 447 466 794
8 474 443 879 790
8 480 37 875 432
