7 175 255 298 433
7 591 297 619 356
7 645 311 687 353
7 707 307 743 381
7 821 304 866 345
7 559 1015 595 1076
7 634 1009 682 1051
7 746 914 780 970
7 818 937 861 987
1 115 219 360 503
1 525 279 662 521
1 636 287 704 524
1 698 289 853 524
1 788 279 889 524
1 267 625 429 872
1 609 681 880 886
1 143 1012 264 1217
1 256 959 317 1155
1 326 984 404 1171
1 730 903 818 1188
1 813 903 884 1191
1 483 1006 637 1174
1 601 1000 715 1185
6 91 614 144 732
6 133 606 195 751
6 186 622 244 746
8 462 894 890 1278
8 73 883 459 1271
8 474 529 900 891
8 84 518 470 880
8 511 192 908 527
