7 141 168 271 329
7 553 277 596 346
7 715 211 775 282
7 217 593 262 659
7 329 620 384 697
7 562 616 591 723
7 653 599 680 709
7 712 637 737 679
7 783 600 813 646
7 153 936 196 1022
7 341 1069 393 1119
7 406 1005 446 1051
7 289 971 332 1019
7 617 935 677 1031
7 62 1025 108 1096
1 79 136 377 450
1 513 260 622 423
1 697 188 881 444
1 134 576 309 792
1 298 614 453 787
1 479 610 605 798
1 591 602 680 772
1 689 619 763 777
1 754 596 866 786
1 58 1007 110 1166
1 108 930 308 1177
1 318 1068 432 1174
1 372 988 443 1119
1 467 890 758 1111
6 830 654 872 777
6 473 584 518 745
8 459 806 875 1117
8 55 797 452 1182
8 467 449 882 807
8 475 59 891 447
8 66 434 460 793
7 230 1045 272 1094
