7 103 211 291 467
7 328 634 373 700
7 150 703 207 805
7 768 617 812 689
7 464 677 522 821
7 580 782 651 875
7 352 1088 427 1192
7 605 1033 666 1117
7 543 287 588 342
1 82 205 310 530
1 495 287 661 449
1 650 268 795 478
1 787 393 876 512
1 110 695 241 873
1 281 622 418 839
1 454 663 525 880
1 731 616 841 881
1 546 1022 719 1167
1 338 1072 438 1265
1 64 1061 190 1263
6 706 438 787 507
6 598 435 671 514
6 480 422 525 512
6 491 797 559 880
6 221 1077 281 1177
6 177 1096 228 1177
1 268 1132 352 1250
8 447 892 870 1274
8 59 888 441 1272
8 453 530 877 885
8 477 140 880 523
8 62 524 446 881
