7 97 148 284 405
7 515 216 572 302
7 777 297 841 370
7 83 659 137 725
7 149 618 196 669
7 226 734 277 831
7 284 600 333 683
7 362 666 412 733
7 418 679 461 768
7 506 584 571 676
7 649 676 697 804
7 791 634 848 750
7 98 995 223 1199
7 506 896 560 966
7 648 960 747 1058
1 71 118 409 464
1 476 199 617 472
1 710 282 873 469
1 66 657 169 824
1 168 600 345 821
1 345 652 418 808
1 404 672 458 828
1 475 569 634 825
1 646 657 864 833
1 788 622 865 827
1 58 941 254 1194
1 458 867 632 1072
8 454 842 870 1205
8 474 481 873 833
8 476 77 875 472
8 61 481 463 833
8 56 838 441 1202
