7 116 250 240 422
7 549 261 594 326
7 691 304 724 358
7 122 653 160 702
7 304 672 337 716
7 552 630 594 699
7 619 645 654 699
7 724 648 759 702
7 146 1017 229 1107
7 248 1022 316 1119
7 323 1014 371 1142
7 82 1033 122 1199
1 82 213 321 524
1 479 261 659 489
1 626 281 842 512
1 65 646 154 866
1 200 664 388 876
1 474 670 524 796
1 519 626 618 807
1 598 637 675 778
1 680 646 798 769
1 712 724 790 817
1 788 697 844 820
1 105 998 250 1253
1 234 1014 331 1256
1 318 1000 444 1260
8 452 889 872 1187
8 66 889 449 1268
8 471 532 870 878
8 63 532 464 878
8 470 139 868 522
