7 170 255 285 440
7 514 330 576 397
7 689 298 749 392
7 145 612 204 681
7 329 692 369 755
7 601 683 666 808
7 732 636 837 755
7 669 956 738 1062
7 363 1062 395 1105
7 276 1028 316 1080
7 106 973 156 1029
1 71 191 332 511
1 483 296 610 507
1 622 287 861 510
1 77 585 211 859
1 281 674 435 865
1 491 658 717 868
1 734 587 871 867
1 69 956 180 1181
1 244 1009 340 1221
1 357 1026 422 1204
1 575 921 850 1191
6 490 418 575 505
6 66 1176 126 1241
6 114 1148 162 1235
6 151 1177 225 1242
6 231 1148 315 1242
6 330 1170 394 1249
6 383 1142 440 1244
8 467 878 875 1190
8 64 870 457 1255
8 474 517 882 875
8 480 128 889 513
8 73 508 462 867
