7 140 175 250 354
7 578 198 604 253
7 737 186 787 230
7 170 579 227 646
7 502 706 553 781
7 444 671 480 730
7 471 614 505 671
7 538 622 581 665
7 631 628 662 686
7 679 601 726 714
7 782 642 836 712
7 70 910 108 958
7 473 932 556 1005
1 62 126 299 437
1 500 184 662 390
1 697 169 839 328
1 54 500 109 779
1 119 556 320 790
1 672 585 848 790
1 531 611 617 720
1 608 619 697 741
1 454 605 535 711
1 436 875 587 1092
1 51 906 129 1159
1 628 891 833 1087
6 361 566 416 637
6 279 559 349 665
8 458 51 858 442
8 47 430 436 789
8 442 440 853 796
8 43 791 432 1174
8 433 798 854 1181
