7 103 227 249 444
7 519 303 588 387
7 711 295 771 405
7 116 604 227 768
7 519 659 563 713
7 664 705 716 757
7 488 1014 546 1072
7 742 1008 799 1072
1 70 202 387 519
1 474 288 673 505
1 656 281 868 508
1 65 574 276 868
1 416 632 603 818
1 618 669 763 865
1 444 972 610 1187
1 615 969 871 1188
1 119 1039 270 1258
1 212 1066 310 1254
1 318 1033 430 1253
5 417 757 612 866
5 416 702 519 827
6 67 1064 125 1193
8 443 880 876 1258
8 64 879 433 1261
8 412 522 873 872
8 471 132 873 514
8 59 519 403 870
5 741 703 864 827
