7 117 161 283 373
7 164 599 219 682
7 242 645 299 701
7 323 576 387 666
7 613 611 689 732
7 740 572 839 695
1 80 128 309 439
1 77 602 160 784
1 140 592 228 790
1 222 617 328 787
1 317 559 434 788
1 488 598 686 791
1 721 552 875 796
1 497 143 621 346
6 791 349 871 431
6 643 317 724 431
6 479 355 572 427
7 187 952 231 1016
7 279 956 331 999
7 466 851 546 962
1 76 946 250 1182
1 256 944 381 1182
1 434 840 588 1123
8 434 805 877 1125
8 73 801 426 1186
8 472 445 879 798
8 474 59 882 436
8 74 443 462 795
