7 114 310 260 460
7 529 353 583 484
7 691 298 738 365
7 106 746 188 854
7 263 722 313 812
7 360 713 418 786
7 479 646 521 718
7 529 626 558 678
7 575 646 620 715
7 699 684 733 768
7 104 1125 171 1247
7 218 1164 298 1245
7 321 1161 439 1256
7 539 1020 613 1114
7 647 1088 747 1171
1 71 230 327 537
1 465 340 600 512
1 631 282 841 512
1 69 736 180 885
1 195 701 340 883
1 345 704 460 886
1 479 631 566 860
1 568 633 631 852
1 644 657 852 877
1 69 1054 166 1279
1 172 1108 319 1284
1 303 1088 444 1282
1 460 1014 641 1217
1 516 1077 788 1229
8 64 906 451 1295
8 458 898 882 1289
8 477 528 878 889
8 447 151 873 516
8 56 536 471 897
