7 97 167 243 325
7 253 176 394 334
7 113 639 159 693
7 213 630 266 696
7 291 647 322 693
7 312 690 343 760
7 619 219 658 289
7 784 221 834 278
7 555 644 640 775
7 710 616 814 815
7 280 944 335 1020
7 221 1031 280 1106
7 450 970 518 1040
7 555 969 605 1028
7 647 963 685 1021
7 735 953 766 1020
7 410 627 464 715
1 72 147 322 479
1 250 134 438 481
1 558 216 650 396
1 631 252 801 461
1 733 212 874 430
1 75 627 174 820
1 154 622 297 825
1 272 637 348 789
1 311 650 404 817
1 402 620 467 820
1 486 636 676 823
1 705 603 874 823
1 75 935 226 1196
1 182 1024 326 1198
1 270 925 363 1187
1 342 911 424 1196
1 436 939 585 1202
1 535 936 659 1202
1 600 952 712 1196
1 702 942 777 1054
8 430 835 879 1208
8 73 829 425 1202
8 484 481 880 825
8 556 75 882 467
8 68 473 476 827
