7 121 316 288 467
7 133 664 200 781
7 340 664 423 759
7 556 1027 652 1145
7 721 1069 814 1143
7 601 315 645 378
7 508 381 563 437
1 70 217 441 540
1 491 338 579 519
1 567 277 677 519
1 741 305 817 526
1 795 344 890 522
1 88 660 220 882
1 272 645 459 867
1 499 1022 672 1195
1 715 1019 871 1197
1 91 959 179 1113
1 162 987 231 1118
1 242 1022 310 1137
1 319 1016 414 1129
6 653 667 710 734
6 92 1151 170 1272
6 114 1126 263 1266
8 466 900 895 1280
8 86 897 457 1277
8 467 540 896 890
8 494 152 896 527
8 81 538 461 886
