7 120 225 296 375
7 526 262 612 331
7 719 265 810 339
7 324 591 362 637
7 166 654 202 703
7 458 983 507 1043
7 751 998 827 1071
7 538 967 594 1032
1 78 131 410 439
1 476 200 652 429
1 710 217 858 432
1 300 591 396 788
1 205 584 273 723
1 158 654 229 782
1 94 666 175 784
1 728 955 869 1131
1 554 973 720 1128
1 455 949 544 1126
1 134 1077 270 1186
1 279 1046 350 1188
1 534 932 614 1126
8 454 808 880 1199
8 63 796 447 1195
8 471 444 882 803
8 475 66 885 438
8 65 440 459 793
6 351 1049 392 1122
6 383 1039 415 1104
6 228 1033 262 1078
6 230 1077 274 1139
6 161 1045 177 1072
6 188 1037 225 1086
6 122 1062 142 1086
6 77 1017 120 1062
6 134 1008 160 1051
6 176 1007 193 1040
6 218 1005 234 1039
6 240 1014 260 1040
6 262 1011 284 1037
6 291 1017 316 1043
