7 156 281 300 447
7 556 281 623 397
7 620 688 680 741
7 236 1067 286 1141
7 297 1053 352 1107
7 357 1000 411 1064
7 324 1140 377 1202
7 112 1019 165 1084
7 787 210 836 266
7 731 211 776 247
1 123 228 351 519
1 499 280 648 502
1 731 201 881 459
1 662 207 785 426
1 269 736 448 875
1 78 577 160 809
1 137 635 259 830
1 83 795 253 875
1 581 660 787 858
1 112 1002 181 1260
1 173 1024 280 1254
1 284 1017 388 1256
1 312 1121 382 1251
1 372 1039 457 1256
1 481 925 621 1155
1 628 886 714 1144
1 693 886 789 1152
1 756 886 827 1141
1 812 886 877 1144
8 83 886 463 1265
8 473 884 893 1161
8 471 591 889 880
8 81 520 461 880
8 502 127 887 511
