7 92 193 244 437
7 562 317 618 392
7 633 250 726 387
7 770 287 854 384
7 89 592 155 690
7 314 624 378 705
7 525 687 627 793
7 650 591 702 661
7 788 598 857 684
7 97 1038 188 1130
7 200 1094 287 1170
7 322 1064 416 1161
7 490 962 541 1068
7 568 975 611 1053
7 676 977 720 1027
7 747 977 811 1080
7 828 954 866 1130
1 25 153 291 480
1 617 235 851 465
1 756 258 863 460
1 63 585 180 793
1 287 623 410 778
1 495 661 641 810
1 615 582 743 810
1 763 586 869 813
1 62 991 182 1208
1 177 1016 310 1208
1 300 1018 433 1212
1 448 946 528 1132
1 525 943 609 1135
1 623 956 766 1135
1 749 960 839 1133
8 63 831 442 1221
8 445 828 880 1216
8 59 483 464 823
8 465 480 878 817
8 462 82 867 470
