7 84 169 257 396
7 548 272 588 370
7 751 222 807 274
7 132 594 166 681
7 392 750 434 804
7 474 678 515 728
7 636 588 697 676
7 826 692 866 742
7 117 990 181 1046
7 347 983 405 1058
7 757 971 800 1034
1 56 134 328 473
1 477 263 586 458
1 678 197 849 452
1 69 591 246 816
1 459 672 533 824
1 546 583 819 760
6 812 678 872 816
1 64 978 263 1194
1 291 965 448 1194
1 663 939 821 1114
1 816 967 871 1110
1 480 1020 641 1112
8 59 833 451 1209
8 453 832 877 1195
8 60 478 447 829
8 451 474 877 825
8 463 75 877 467
