1 613 64 678 144
1 686 65 750 146
1 30 329 81 388
1 79 339 122 386
1 134 301 174 386
1 95 300 144 365
1 64 301 105 368
1 23 299 40 361
1 30 242 77 365
1 179 230 215 331
1 201 241 238 347
5 199 308 257 387
1 254 241 304 392
1 257 202 301 282
1 301 228 355 388
1 335 235 382 386
1 386 237 428 382
1 414 230 444 347
1 450 226 474 330
1 477 228 542 331
1 636 279 750 391
1 599 456 722 608
1 271 448 389 599
1 446 428 503 577
1 134 418 252 601
1 40 466 116 565
1 40 717 136 823
1 179 621 247 818
1 273 691 363 824
1 377 676 490 820
1 548 662 623 821
1 648 679 732 819
1 50 860 118 1012
1 22 954 60 1039
1 49 970 115 1038
1 101 956 153 1035
1 144 959 199 1037
1 189 938 242 1038
1 232 945 259 1034
1 267 925 320 1034
1 305 962 350 1035
1 346 993 391 1037
1 384 850 461 1030
1 522 934 669 1037
1 674 943 750 1043
7 641 77 672 116
7 667 297 694 340
7 616 474 660 532
7 330 720 352 773
7 399 720 426 768
7 591 675 605 705
7 596 949 642 1012
7 414 860 430 882
7 74 861 90 891
7 210 633 224 654
7 73 475 89 495
7 146 428 164 457
7 48 248 61 264
7 470 440 481 450
7 335 470 349 492
8 178 192 601 391
8 607 190 753 392
8 25 194 169 391
8 24 407 260 604
8 267 405 509 608
8 514 405 751 606
8 515 624 751 820
8 268 621 508 820
8 26 621 260 818
8 25 840 261 1039
8 265 840 507 1039
8 514 841 753 1044
8 599 24 751 143
