7 1226 491 1426 766
7 937 686 1049 777
7 411 408 465 454
7 148 483 200 537
7 222 531 277 591
7 134 746 188 817
7 457 1163 526 1246
7 363 1166 414 1252
7 957 1157 1006 1212
7 1149 1100 1203 1154
7 363 1786 551 1952
7 1189 2001 1263 2132
7 1423 2086 1526 2195
7 185 2058 385 2209
7 554 503 608 560
1 57 723 202 829
1 62 637 257 789
1 125 520 288 646
1 97 463 225 577
1 331 371 477 751
1 488 488 637 771
1 860 591 1112 834
1 1186 325 1546 823
1 134 1054 431 1483
1 397 1114 574 1475
1 820 1097 1074 1446
1 943 1297 1280 1520
1 1063 1077 1323 1366
1 54 1895 400 2212
1 265 1563 943 2195
1 1106 1941 1375 2204
1 1397 1992 1566 2224
8 983 1555 1570 2203
8 54 1555 950 2209
8 701 864 1556 1526
8 860 136 1556 832
8 45 137 828 833
8 50 843 678 1491
