7 1332 446 1533 681
7 379 1173 438 1236
7 545 1168 602 1224
7 811 1835 902 1915
7 1123 1833 1230 1937
7 1346 1114 1459 1253
7 1069 1097 1165 1179
1 1021 362 1315 794
1 837 390 1114 797
1 367 387 613 800
1 101 387 393 803
1 70 1165 381 1485
1 313 1128 461 1485
1 469 1114 735 1485
1 1052 1216 1323 1482
1 916 1038 1168 1487
1 1219 1021 1550 1487
1 978 1700 1255 2180
1 721 1759 1103 2186
1 497 1643 667 2059
1 107 1683 198 1847
6 65 1847 466 2195
6 62 1685 101 1838
6 568 472 690 775
8 713 1516 1554 2194
8 54 1514 692 2197
8 62 828 1553 1495
8 68 125 797 804
8 823 121 1563 806
