7 1070 352 1176 463
7 1403 419 1492 528
7 757 1098 849 1199
7 623 1291 721 1377
7 212 1721 354 1925
7 494 1674 654 1886
7 1173 1819 1266 1917
7 1246 1654 1327 1755
7 282 922 324 989
1 603 550 796 732
1 1006 245 1445 732
1 1319 377 1559 749
1 723 1022 1056 1280
1 556 1266 927 1439
1 111 1660 525 2135
1 444 1595 740 2129
1 844 1813 1274 2132
1 1165 1579 1559 2121
1 89 855 321 1229
1 1151 891 1517 1210
1 1380 1073 1556 1436
7 1299 1003 1375 1098
7 1467 1120 1537 1232
8 759 1457 1581 2139
8 86 1453 739 2138
8 88 770 524 1431
8 1084 768 1569 1435
8 525 768 1060 1432
8 910 72 1566 756
8 88 70 886 747
