6 487 364 564 572
6 552 387 618 578
6 256 424 344 629
1 1393 296 1501 618
1 1285 273 1379 655
1 1168 282 1282 621
1 900 339 1051 709
1 71 453 287 792
1 361 322 470 649
1 592 347 655 666
1 698 364 772 669
1 655 359 706 672
1 877 991 1311 1470
1 142 1065 276 1479
1 279 1060 436 1479
1 396 1054 552 1273
1 541 940 795 1476
6 715 2020 931 2180
1 42 1727 644 2248
7 1273 1017 1550 1470
7 324 1781 416 1912
1 709 1786 977 2069
1 977 1710 1228 2063
1 1311 1832 1558 2160
7 1037 1114 1165 1293
8 47 1502 678 2248
8 679 1496 1560 2186
8 63 813 846 1483
8 873 812 1560 1477
8 63 110 859 792
8 880 103 1563 787
