1 789 304 1297 742
1 943 360 1496 753
1 61 256 558 759
1 415 231 695 756
1 136 974 304 1445
1 231 1105 427 1440
1 519 1189 798 1440
1 669 965 1091 1440
1 1116 898 1551 1429
1 1256 789 1551 1429
1 83 1535 429 2138
1 78 1685 633 2140
1 976 1468 1448 2143
7 728 1080 890 1228
7 544 1256 714 1440
7 1172 971 1275 1116
7 1339 859 1409 935
7 1191 1537 1278 1618
7 508 1747 608 1842
7 340 267 396 348
8 65 1478 682 2165
8 701 1465 1563 2155
8 63 784 494 1459
8 513 777 1093 1451
8 1110 772 1560 1443
8 61 99 736 765
8 755 92 1549 755
