1 804 247 1248 697
1 994 219 1291 711
1 181 377 582 723
1 446 429 662 781
1 149 345 484 775
1 221 1049 429 1337
1 432 1023 585 1363
1 109 1308 585 1536
1 910 1078 994 1493
1 1095 1144 1291 1300
1 1392 1839 1602 2219
1 1098 1911 1354 2216
1 657 1617 1060 2216
1 198 1991 386 2222
6 334 2026 634 2216
7 683 1893 769 2046
7 1236 2032 1325 2161
7 1426 1939 1521 2037
7 268 2058 328 2135
7 296 1325 579 1458
8 106 1569 1063 2235
8 1089 1559 1609 2225
8 99 833 591 1546
8 622 830 1602 1547
8 162 276 692 778
8 696 136 1597 810
