7 1359 188 1477 300
7 806 1165 915 1294
7 730 1112 814 1188
7 1221 1763 1460 2064
1 738 359 1556 761
1 769 92 1558 620
1 210 494 528 766
1 317 1112 514 1269
1 775 1089 1022 1449
1 117 1030 415 1370
1 615 966 825 1438
1 1339 1061 1558 1438
1 1216 1235 1407 1443
1 1053 1123 1210 1438
1 407 1865 719 2129
6 328 589 643 775
8 89 1473 912 2161
8 949 1456 1557 2138
8 1043 788 1562 1446
8 78 100 714 772
8 737 94 1557 766
8 601 796 1031 1455
8 79 796 601 1435
7 556 1889 641 1982
7 1260 1265 1328 1343
7 1098 1195 1190 1360
1 1173 1652 1493 2089
