7 1063 241 1145 329
7 232 348 292 399
7 87 1182 260 1469
7 326 1103 572 1420
7 224 1273 382 1446
7 1205 1137 1270 1191
7 266 1784 329 1846
7 490 1747 572 1835
7 1111 1784 1182 1857
7 1335 1701 1335 1704
7 1338 1707 1418 1795
1 133 320 337 672
1 317 326 428 660
1 405 343 510 646
1 896 215 1324 799
1 947 541 1057 805
1 85 1108 266 1514
1 224 1185 377 1506
1 277 1032 592 1503
1 612 1089 816 1503
1 1188 1097 1426 1290
1 229 1749 456 2047
1 209 1681 726 2212
1 811 1704 1494 2013
1 1032 1684 1489 2209
8 90 1531 796 2222
8 811 1518 1588 2217
8 85 839 613 1517
8 614 833 1113 1505
8 1124 828 1579 1500
8 81 154 806 823
8 834 150 1569 810
