7 1089 1137 1196 1230
7 1331 1067 1438 1151
7 1129 426 1292 674
7 1404 567 1513 646
7 221 421 306 528
7 558 393 640 483
7 744 339 820 432
7 606 1115 676 1213
7 331 1772 446 1895
7 542 1879 657 1977
7 1345 1926 1401 1991
7 974 1884 1044 1940
1 929 362 1294 761
1 1325 539 1522 763
1 44 379 516 758
1 547 345 898 769
1 735 269 904 584
1 485 1092 752 1443
1 994 1101 1311 1443
1 1272 983 1519 1449
1 162 1693 449 2140
1 449 1859 747 2140
1 1227 1881 1404 2027
1 963 1867 1151 1977
6 825 1185 946 1443
8 776 1472 1528 2161
8 33 1466 757 2156
8 977 792 1530 1458
8 478 788 961 1450
8 35 787 462 1445
8 929 91 1532 775
8 39 91 909 767
