7 383 336 456 408
7 179 1022 246 1109
7 302 1036 400 1106
7 607 1058 887 1403
7 759 930 1061 1266
7 960 1739 1056 1840
7 1184 1663 1358 1902
1 218 266 400 761
1 375 308 535 761
1 523 436 655 753
6 837 310 921 521
6 904 316 969 507
1 36 983 280 1456
1 207 955 546 1459
1 557 918 907 1448
1 761 882 1072 1451
1 266 1638 493 2162
1 812 1691 1134 2162
1 1061 1591 1529 2151
8 43 1475 733 2156
8 757 1473 1528 2158
8 1070 776 1525 1450
8 787 104 1523 761
8 44 104 759 766
8 562 786 1053 1456
8 29 779 555 1466
