7 196 1047 244 1112
7 296 1184 367 1266
7 93 1696 159 1795
7 196 1778 347 1929
7 284 1662 472 1810
7 865 873 1024 1055
7 942 1707 1084 1807
7 1235 1622 1320 1721
7 907 230 962 307
7 1107 367 1164 432
1 808 210 996 680
1 925 207 1095 680
1 1090 355 1172 674
1 113 1016 478 1434
1 725 785 1112 1391
1 1053 890 1539 1403
1 54 1662 162 1972
1 136 1682 555 2128
1 230 1514 691 2037
1 836 1608 1215 2160
1 1127 1582 1371 2163
6 1172 384 1240 683
6 1258 478 1403 674
8 784 108 1552 678
8 70 177 751 872
8 715 715 1545 1404
8 68 898 619 1442
8 50 1495 698 2142
8 746 1439 1545 2160
5 417 961 624 1439
