1 152 180 273 582
1 249 174 388 573
1 372 192 501 576
1 693 152 1026 600
1 997 238 1246 604
1 44 889 236 1224
1 450 887 622 1218
1 119 838 558 1227
1 662 825 896 1220
1 856 827 1105 1218
1 1147 856 1246 1218
1 37 1377 377 1831
1 328 1394 582 1838
1 655 1357 783 1834
1 757 1357 909 1834
1 882 1359 1231 1838
7 851 203 1010 487
7 1105 262 1227 414
7 377 926 459 1096
7 776 856 869 964
7 900 851 988 973
7 203 1467 315 1644
7 494 1452 542 1531
7 719 1381 752 1434
7 783 1374 818 1434
7 1028 1427 1123 1544
8 30 1265 583 1842
8 613 1261 1238 1838
8 31 646 624 1227
8 653 645 1252 1226
8 686 28 1246 606
8 32 28 651 606
