5 62 320 230 528
5 117 355 297 535
5 671 159 916 466
5 955 249 1114 445
5 909 46 1218 272
5 69 754 348 1094
5 343 768 560 1110
5 671 807 923 1006
5 927 900 1232 1075
5 50 1528 196 1685
5 249 1523 362 1719
5 150 1528 302 1715
5 327 1567 477 1726
5 440 1574 581 1738
5 87 1703 274 1775
5 713 1387 953 1724
5 992 1297 1225 1689
1 406 108 528 408
1 413 1299 583 1611
7 443 1308 500 1371
7 436 117 498 163
8 668 1269 1245 1784
8 33 1269 610 1784
8 669 631 1244 1147
8 34 630 607 1146
8 37 36 611 549
8 665 33 1246 551
