1 143 307 208 565
1 229 238 405 552
1 611 123 849 574
1 450 312 652 589
1 916 166 1209 585
1 145 721 296 1170
1 507 840 788 1198
1 847 834 1243 1191
1 97 1480 227 1802
1 149 1324 359 1805
1 537 1493 621 1733
1 630 1391 775 1731
1 849 1560 1040 1807
1 977 1343 1230 1800
7 177 721 231 795
7 955 853 1107 1046
7 1068 208 1187 346
7 712 132 769 190
7 218 1341 283 1395
7 130 1499 182 1545
7 907 1605 994 1714
7 1059 1391 1187 1508
8 850 1320 1242 1811
8 36 707 434 1200
8 443 705 842 1198
8 849 704 1246 1197
8 849 100 1241 592
8 32 102 433 593
8 444 98 832 591
8 36 1320 429 1803
8 444 1322 841 1807
