1 99 358 308 612
1 389 151 621 612
1 649 178 1076 605
1 1081 385 1244 610
1 720 792 1050 1231
1 828 858 1090 1233
1 55 1321 358 1836
1 173 1402 347 1684
1 717 1433 944 1836
1 905 1365 1244 1836
7 176 414 290 543
7 405 297 563 537
7 839 207 936 314
7 1105 440 1209 546
7 832 823 940 949
7 944 902 1010 997
7 244 1427 312 1495
7 171 1341 244 1420
7 726 1466 819 1561
7 938 1446 1098 1737
1 314 671 502 1233
8 33 1269 592 1850
8 614 1264 1247 1845
8 34 656 606 1235
8 636 653 1245 1231
8 38 36 618 621
8 650 24 1244 617
