1 62 199 410 589
1 432 252 651 594
1 653 252 833 596
1 942 175 1250 596
1 48 826 432 1219
1 644 884 813 1170
1 434 922 509 988
1 844 953 942 1061
1 917 791 1245 1216
1 175 1469 310 1804
1 449 1520 664 1841
1 622 1527 833 1850
1 1012 1403 1183 1839
7 172 212 290 332
7 487 297 580 367
7 700 274 773 347
7 1055 219 1172 356
7 195 835 301 939
7 733 895 786 948
7 888 966 937 1017
7 1110 826 1227 973
7 704 1533 777 1613
7 598 1542 667 1620
7 1017 1411 1066 1482
8 850 1346 1246 1849
8 850 726 1245 1221
8 851 101 1246 597
8 39 102 431 594
8 445 100 833 598
8 39 726 429 1218
8 441 726 835 1220
8 35 1350 433 1846
8 441 1348 835 1848
