1 364 163 606 603
1 267 183 391 606
1 130 280 274 610
1 636 130 891 608
1 917 238 1240 612
1 758 756 1163 1220
1 276 842 645 1229
1 64 953 278 1229
1 141 1413 619 1835
1 625 1417 782 1685
1 820 1477 973 1773
1 951 1395 1147 1689
1 1152 1273 1245 1840
7 964 307 1145 530
7 687 269 860 513
7 137 993 263 1130
7 380 860 625 1152
7 977 789 1105 933
7 199 1521 413 1762
7 993 1417 1063 1486
7 721 1453 780 1512
7 886 1497 953 1557
7 1161 1304 1229 1369
8 683 657 1253 1231
8 24 655 654 1235
8 36 37 647 612
8 653 36 1245 612
8 37 1278 620 1840
8 622 1270 1242 1840
