5 55 156 287 369
5 289 291 564 509
5 360 137 599 378
5 39 346 268 537
5 746 268 838 394
5 817 268 939 424
5 975 68 1221 413
5 80 815 351 1093
5 360 815 551 1081
5 902 702 1129 1044
5 677 927 874 1164
5 851 934 1017 1166
5 730 822 868 930
5 817 810 925 930
5 89 1524 238 1717
5 229 1327 392 1628
5 365 1322 553 1625
5 679 1467 851 1710
1 1116 1315 1224 1492
1 966 1384 1178 1520
7 1109 1350 1178 1426
7 1021 1400 1102 1462
8 40 1258 608 1767
8 675 1230 1243 1770
8 675 669 1241 1178
8 38 667 607 1176
8 676 36 1240 550
8 37 35 607 543
