1 128 209 382 598
6 624 189 751 562
1 1007 213 1189 587
1 151 822 269 1227
1 529 862 742 1216
1 880 849 985 1209
6 1033 787 1242 1227
1 62 1520 255 1832
1 251 1489 362 1836
1 466 1460 836 1852
1 922 1427 1234 1745
7 189 211 277 313
7 1091 233 1167 313
7 195 858 255 922
7 922 878 982 924
7 535 1474 675 1643
7 175 1538 211 1600
7 262 1512 302 1565
7 1158 1476 1198 1523
8 846 1357 1243 1859
8 852 730 1248 1228
8 37 96 430 594
8 445 96 842 594
8 852 96 1245 592
8 438 728 842 1226
8 35 728 434 1228
8 29 1356 428 1856
8 436 1354 837 1856
