1 163 172 282 613
7 724 227 819 351
7 894 446 976 578
7 1082 293 1192 481
1 669 165 936 607
1 883 366 1093 602
1 1057 203 1225 607
1 136 737 423 1225
1 218 806 578 1227
1 770 733 1059 1168
1 916 750 1203 998
1 50 1371 587 1837
1 620 1556 788 1835
1 770 1384 958 1837
1 900 1468 1042 1660
1 914 1419 1245 1830
7 253 1468 490 1742
7 1088 1472 1225 1691
7 925 1523 993 1605
7 797 1437 874 1536
7 655 1594 713 1658
8 34 1276 595 1849
8 626 1270 1248 1844
8 36 656 597 1231
8 627 654 1246 1227
8 36 35 581 613
8 615 34 1235 613
