1 170 183 351 546
1 442 249 617 588
1 612 185 836 594
1 851 117 979 581
1 1079 121 1227 575
1 44 851 431 1218
1 517 842 643 1196
1 685 836 833 1218
1 893 860 1134 1214
1 1112 807 1227 1214
1 42 1599 172 1842
1 179 1464 418 1835
1 497 1351 641 1835
1 612 1508 763 1840
1 884 1621 1085 1844
1 1052 1495 1234 1840
7 504 272 572 360
7 614 234 716 356
7 897 134 946 185
7 1170 139 1214 190
7 132 904 265 1116
7 906 886 968 951
7 1110 862 1194 966
7 92 1623 159 1698
7 241 1481 314 1585
7 581 1373 636 1431
7 732 1537 765 1588
7 968 1658 1004 1751
7 1083 1532 1141 1610
8 843 1352 1245 1844
8 439 1352 833 1844
8 848 726 1235 1222
8 444 726 837 1222
8 40 100 433 593
8 845 98 1240 594
8 444 98 837 595
8 39 729 436 1222
8 33 1353 424 1840
