1 63 313 213 613
1 188 387 300 621
1 253 315 412 617
1 439 384 659 611
1 651 423 803 607
1 875 361 1028 581
1 126 818 355 994
1 310 761 594 1080
1 981 761 1112 973
1 805 848 873 913
1 812 1379 1019 1677
1 983 1383 1167 1675
1 1110 784 1169 1032
6 831 329 879 418
6 966 289 1036 423
6 1028 294 1091 418
6 1112 355 1148 425
6 928 835 998 909
6 744 858 805 913
6 664 863 727 932
7 875 1444 947 1518
7 992 1434 1091 1529
7 444 810 492 873
7 179 841 232 901
7 126 353 181 410
7 205 401 255 461
7 279 329 323 410
7 505 427 598 530
7 659 429 731 541
8 62 1165 417 1687
8 426 1160 812 1684
8 820 1155 1179 1682
8 62 638 612 1150
8 625 632 1173 1145
8 429 111 808 622
8 820 110 1174 622
8 61 109 416 623
