1 73 270 210 516
1 156 244 322 514
1 379 272 523 487
1 483 246 603 407
1 510 345 700 506
1 641 274 772 440
1 717 276 841 491
1 866 242 1046 362
1 864 261 1179 430
1 149 626 246 805
1 217 651 379 822
1 194 712 491 873
1 516 603 649 833
1 580 658 755 845
1 567 793 780 881
1 801 580 955 835
1 883 668 1063 879
1 966 710 1122 888
1 1099 634 1191 774
1 84 1029 316 1295
1 147 1054 407 1297
1 596 966 691 1149
1 594 1073 797 1208
1 677 1120 803 1223
1 786 1010 875 1151
1 896 1006 947 1189
1 896 1001 1065 1236
1 1039 997 1181 1227
1 137 1499 267 1691
1 232 1563 388 1689
1 603 1461 788 1607
1 921 1377 1058 1653
1 837 1506 1042 1674
1 1075 1347 1198 1592
7 122 293 158 335
7 681 653 712 693
7 934 603 970 637
7 335 668 371 700
7 449 717 491 746
7 670 1472 708 1512
6 69 1537 135 1664
6 63 1447 94 1548
8 69 1406 442 1700
8 595 1326 811 1697
8 832 1325 1197 1697
8 70 930 406 1300
8 592 927 879 1298
8 901 925 1197 1301
8 511 532 782 901
8 71 532 492 902
8 799 531 1200 900
8 70 133 327 510
8 347 132 843 508
8 861 128 1201 504
