1 60 132 302 648
1 489 224 709 621
1 1007 346 1171 652
1 682 837 1003 1177
1 220 1357 463 1687
1 541 1273 749 1672
1 915 1320 1120 1672
1 146 480 262 598
1 256 365 392 516
1 268 461 381 570
1 354 470 468 589
1 205 824 524 1173
1 484 824 669 1175
1 62 831 300 1175
6 90 1446 176 1637
6 146 1454 270 1662
7 612 245 646 289
7 593 1288 642 1347
7 957 1349 1009 1410
7 125 1462 155 1494
8 58 1194 480 1694
8 486 1193 831 1689
8 841 1189 1181 1687
8 57 665 674 1184
8 683 662 1177 1179
8 810 132 1175 653
8 57 128 476 654
8 481 127 802 654
