1 178 217 425 466
1 684 215 906 521
1 925 265 1166 506
1 87 632 381 892
1 768 624 971 869
1 638 768 802 902
1 977 665 1174 894
1 138 973 427 1306
1 469 1076 603 1298
1 678 1040 825 1256
1 64 1428 272 1708
1 257 1411 477 1669
1 427 1497 569 1694
1 850 1409 1007 1627
1 1055 1432 1181 1612
1 617 1455 793 1627
6 921 1047 959 1155
6 942 1047 986 1141
6 908 1170 1024 1212
6 998 1151 1091 1202
6 971 1212 1086 1271
7 887 1499 977 1593
7 1061 1476 1143 1581
7 286 253 349 347
7 933 305 990 358
7 366 1449 399 1484
7 835 651 883 697
7 996 766 1032 892
7 198 982 265 1051
8 63 1314 579 1723
8 595 1310 1187 1718
8 61 918 616 1299
8 633 915 1186 1294
8 61 515 577 904
8 595 513 1186 899
8 663 111 1186 496
8 62 110 647 497
