1 94 255 244 479
1 272 268 407 495
1 341 192 426 284
1 453 308 571 502
1 487 234 561 335
1 550 253 631 462
1 673 358 814 502
1 863 276 1209 502
1 88 666 217 892
1 185 702 306 886
1 312 772 519 880
1 550 552 692 882
1 671 620 812 884
1 859 590 1190 894
1 107 1000 234 1279
1 219 1053 453 1289
1 337 977 487 1285
1 525 975 808 1203
1 571 1437 723 1682
1 654 1525 837 1673
1 791 1445 875 1652
1 861 1456 932 1669
1 970 1452 1053 1673
1 1023 1473 1105 1661
1 1032 1525 1207 1671
1 1150 1447 1209 1589
7 994 645 1124 818
7 1004 295 1097 409
7 601 571 631 616
7 417 780 474 844
7 238 730 280 787
7 160 700 213 783
7 295 303 339 386
7 369 217 396 249
7 173 263 194 297
7 597 1004 628 1036
6 1070 1148 1156 1266
6 918 1165 962 1274
6 951 1143 1006 1279
6 998 1135 1040 1253
6 1036 1118 1080 1232
7 612 1454 658 1504
7 504 346 561 436
8 960 1312 1211 1682
8 578 1309 936 1682
8 86 1305 557 1678
8 877 918 1213 1293
8 518 916 852 1289
8 86 914 495 1287
8 849 525 1211 895
8 872 131 1212 506
8 451 129 846 504
8 84 128 424 504
8 546 526 827 889
8 85 522 532 889
