1 88 260 246 475
1 96 633 199 835
1 124 584 363 872
1 793 641 969 870
1 923 702 1062 872
1 1037 687 1184 870
1 143 982 372 1257
1 441 1022 565 1264
1 380 1013 485 1257
1 765 997 936 1167
1 90 1314 353 1651
1 942 1386 1060 1573
1 265 254 344 344
6 839 286 877 321
7 500 748 555 803
7 353 776 384 822
7 982 702 1034 769
7 887 681 952 746
7 1072 704 1129 757
7 471 1034 511 1066
7 824 1018 864 1060
7 1106 1077 1148 1121
7 212 1342 294 1455
8 645 1280 1186 1661
8 90 1279 633 1660
8 645 890 1188 1269
8 89 889 628 1269
8 730 499 1190 878
8 91 495 716 877
8 488 103 1190 487
8 89 100 472 482
7 242 617 309 699
