1 163 197 375 487
1 485 203 591 485
1 702 186 903 483
1 1024 144 1194 481
1 95 555 451 859
1 683 593 1066 888
1 78 943 498 1287
1 646 1037 929 1285
1 982 935 1187 1283
1 229 1370 379 1671
1 854 1361 1189 1690
1 343 1620 479 1694
1 481 1620 623 1692
7 260 212 305 258
7 513 218 549 254
7 814 634 903 740
7 218 1033 339 1175
7 1043 954 1092 1001
6 424 195 464 292
8 677 1313 1200 1705
8 69 1313 662 1702
8 640 914 1198 1295
8 70 914 627 1294
8 71 511 621 897
8 637 510 1196 897
8 70 105 656 494
8 673 101 1197 491
7 1001 1422 1067 1482
7 775 182 837 248
