1 705 301 1004 505
1 535 127 692 271
1 129 569 399 886
1 380 633 660 845
1 639 643 762 811
1 864 624 1123 911
1 274 930 433 1272
1 720 998 1007 1293
1 992 1007 1194 1304
1 922 1459 1140 1680
1 716 1402 1034 1682
1 371 1321 524 1661
1 318 1455 437 1667
7 809 333 877 433
7 575 176 635 218
7 244 618 318 682
7 473 669 552 762
7 662 699 716 762
7 964 639 1000 701
7 849 1032 909 1132
7 1072 1051 1115 1106
7 828 1419 875 1497
7 1085 1470 1121 1542
7 424 1332 452 1364
7 325 956 344 983
8 654 1310 1200 1691
8 95 1304 644 1684
8 730 915 1199 1299
8 234 911 557 1293
8 785 520 1203 903
8 96 514 773 899
8 97 118 1198 517
