1 504 134 672 469
1 207 272 356 498
1 812 207 1019 395
1 173 565 389 822
1 190 691 502 869
1 481 540 617 812
1 686 525 841 890
1 833 668 1042 852
1 136 900 278 1126
1 418 917 502 1111
1 881 1038 1015 1210
1 134 1333 257 1666
1 245 1296 515 1434
1 772 1331 913 1610
7 569 165 617 211
7 284 301 330 345
7 309 588 362 628
7 309 1315 370 1380
7 735 544 774 584
7 833 1356 873 1409
7 167 917 203 948
8 75 1292 614 1690
8 633 1289 1183 1681
8 634 903 1180 1277
8 74 901 614 1281
8 76 520 618 893
8 636 516 1182 891
8 423 125 779 502
8 77 125 411 501
8 790 123 1184 502
