1 92 222 243 492
1 90 373 257 591
1 203 465 371 639
1 345 348 444 631
1 467 341 660 626
1 597 310 828 631
1 702 203 834 511
1 842 448 1155 631
1 870 324 1199 633
1 941 218 1201 534
1 180 790 318 1029
1 228 916 413 1157
1 385 844 469 1155
1 572 859 704 1004
1 568 844 758 914
1 851 918 1008 1027
1 995 867 1197 1025
1 624 1341 863 1662
1 482 1406 626 1595
1 88 1339 207 1480
1 90 1433 249 1670
1 329 1457 463 1662
1 115 1052 285 1155
7 631 366 675 413
7 895 962 962 1023
7 1073 911 1153 974
7 226 823 266 851
7 700 1383 765 1473
7 138 1379 188 1433
7 324 1484 379 1545
7 524 1431 572 1496
7 136 264 176 306
7 725 238 769 291
7 1029 257 1088 310
8 476 1174 867 1691
8 82 1174 472 1694
8 87 652 478 1165
8 488 651 839 1166
8 848 650 1206 1162
8 463 122 832 642
8 85 122 455 641
8 840 121 1208 640
