1 94 360 241 645
1 276 299 469 645
1 484 356 769 641
1 935 337 1182 639
1 117 807 354 1169
1 438 930 584 1129
1 647 821 1023 1169
1 970 861 1102 1058
1 132 1341 389 1662
1 459 1304 710 1677
1 1018 1318 1192 1677
7 165 387 213 431
7 318 348 364 396
7 570 383 641 477
7 1025 371 1069 433
7 236 823 283 899
7 442 941 496 995
7 1012 870 1048 918
7 515 1356 599 1427
7 1048 1343 1127 1417
7 226 1364 264 1398
8 75 1190 448 1687
8 453 1187 823 1685
8 832 1184 1195 1681
8 75 664 629 1178
8 637 661 1195 1176
8 75 136 472 654
8 483 135 833 653
8 844 133 1195 651
7 837 920 908 1001
