1 237 202 286 364
1 263 204 383 374
1 368 162 481 366
1 532 185 652 366
1 696 124 852 368
1 835 233 915 368
1 856 147 913 250
1 923 195 1018 364
1 1018 132 1126 362
1 115 484 345 724
1 524 511 755 719
1 1052 521 1136 656
1 101 1081 450 1363
1 593 1193 660 1304
1 968 1109 1098 1349
1 185 1431 254 1530
1 1031 1424 1144 1664
6 492 216 517 345
6 168 911 242 966
7 555 223 599 294
7 311 1149 414 1294
7 1054 776 1088 820
8 96 1382 823 1693
8 837 1379 1198 1686
8 462 1066 822 1367
8 96 1066 448 1370
8 837 1064 1198 1366
8 95 749 448 1052
8 462 748 821 1051
8 835 747 1200 1051
8 463 430 822 732
8 95 430 449 732
8 835 429 1199 731
8 95 122 234 370
8 924 121 1199 370
8 657 121 918 370
8 528 121 651 369
8 238 120 522 369
1 594 816 775 977
