1 65 368 153 633
1 84 277 469 631
1 374 399 593 627
1 328 282 465 515
1 644 353 740 591
1 728 338 1006 473
1 801 143 1067 627
1 785 317 1073 406
1 69 867 132 966
1 124 850 223 970
1 231 799 416 1050
1 517 757 799 1151
1 991 793 1163 1155
1 242 1292 395 1626
1 818 1328 1035 1681
1 966 1336 1166 1679
6 559 1405 730 1631
7 650 806 734 928
7 879 1395 951 1479
7 1001 1378 1062 1475
7 227 825 286 896
8 434 1173 803 1689
8 66 1172 423 1693
8 816 1164 1171 1691
8 818 653 1169 1164
8 431 650 806 1159
8 66 650 420 1160
8 623 128 1168 641
8 65 125 612 635
