1 97 167 316 444
1 197 199 433 439
1 484 180 607 410
1 473 376 826 461
1 852 246 1049 465
1 911 237 1196 478
1 108 656 276 881
1 259 656 414 888
1 467 620 605 875
1 577 586 743 890
1 852 631 1013 886
1 983 605 1104 883
1 95 970 184 1272
1 161 1017 263 1285
1 271 1051 397 1279
1 480 1066 650 1291
1 645 1032 756 1253
1 741 985 824 1279
1 860 1047 964 1289
1 968 1041 1185 1291
1 93 1391 214 1684
1 267 1410 401 1680
1 448 1432 622 1636
1 611 1423 760 1691
1 845 1461 1017 1689
1 1030 1449 1217 1693
7 1066 1483 1121 1544
7 677 1449 716 1493
7 140 1391 172 1440
8 842 1318 1221 1698
8 442 1317 823 1695
8 87 1316 432 1694
8 849 920 1218 1298
8 467 919 832 1292
8 88 919 458 1289
8 838 520 1221 894
8 437 520 823 892
8 89 520 416 891
8 85 117 434 491
8 450 115 833 491
8 848 114 1226 492
7 929 1480 989 1569
