1 126 266 287 612
1 249 323 456 622
1 185 217 335 489
1 477 228 641 625
1 572 255 838 475
1 889 308 1034 530
1 996 293 1146 498
1 152 973 215 1110
1 190 973 287 1125
1 760 810 965 1146
1 874 817 1007 1119
1 975 994 1115 1150
1 116 1260 331 1664
1 145 1345 435 1666
1 542 1448 728 1676
1 684 1397 829 1670
1 637 1254 829 1672
1 861 1444 1049 1678
1 992 1459 1203 1676
1 373 665 513 895
7 549 278 603 350
7 1034 1537 1140 1661
7 878 1484 948 1560
7 973 1488 1032 1566
7 648 1281 711 1362
7 183 1307 276 1402
8 855 1167 1210 1687
8 476 1159 842 1681
8 114 1152 464 1675
8 664 642 1209 1156
8 119 635 653 1148
8 122 121 460 625
8 474 120 842 627
8 854 118 1210 637
