1 112 335 308 599
1 286 401 448 594
1 473 416 643 605
1 560 356 703 599
1 713 456 794 599
1 773 407 832 601
1 860 333 1026 601
1 1004 352 1128 605
1 1077 333 1206 609
1 507 752 660 1062
1 577 917 828 1132
1 862 739 1208 1134
1 956 758 1085 1132
1 1036 741 1170 1132
1 186 1274 395 1638
1 106 1398 237 1646
1 282 1385 603 1650
1 520 1400 643 1585
1 667 1302 896 1661
1 677 412 747 605
7 195 373 237 422
7 288 441 342 505
7 637 405 703 488
7 552 482 607 552
7 716 478 756 524
7 932 369 998 458
7 1015 399 1079 471
7 1092 384 1147 467
7 1087 781 1126 841
7 422 1438 495 1510
7 546 1406 584 1453
6 673 274 762 376
7 1013 805 1060 852
8 662 1149 1213 1675
8 98 1141 650 1661
8 854 625 1214 1142
8 469 623 841 1135
8 106 618 457 1128
8 468 97 842 608
8 854 96 1213 612
8 103 93 455 605
