1 241 135 363 370
1 395 196 469 357
1 480 222 598 361
1 655 190 719 365
1 782 160 858 374
1 884 131 1047 368
1 1102 228 1186 372
1 148 484 241 734
1 334 492 435 717
1 497 501 638 738
1 628 509 780 738
1 905 499 1011 738
1 987 501 1110 734
1 122 793 289 1044
1 255 814 446 1051
1 520 943 575 1049
1 564 939 636 1047
1 945 810 1055 1053
1 1070 814 1188 1055
1 1135 814 1205 1040
1 209 1131 395 1366
1 535 1110 731 1377
1 975 1093 1169 1379
1 97 1436 315 1666
1 475 1510 535 1688
1 530 1482 611 1690
1 583 1512 640 1666
1 615 1434 761 1688
1 710 1472 827 1698
1 1080 1457 1182 1692
1 1150 1429 1205 1696
1 854 1482 905 1688
1 909 1487 989 1692
6 611 224 655 285
6 731 304 801 365
6 448 1546 473 1671
6 814 1510 852 1692
6 1002 1512 1049 1607
6 1042 1468 1099 1601
7 1142 255 1184 304
7 949 514 985 560
7 687 1453 723 1503
7 757 1495 810 1539
7 977 137 1008 181
8 444 1392 1208 1703
8 94 1385 431 1695
8 832 1077 1208 1387
8 463 1074 817 1383
8 96 1070 449 1378
8 831 755 1208 1064
8 462 754 817 1064
8 96 751 448 1058
8 831 436 1208 741
8 461 436 817 741
8 95 436 447 737
8 96 128 236 375
8 474 126 608 374
8 238 126 470 375
8 610 125 724 375
8 727 124 865 376
8 868 122 1209 377
