1 748 217 866 503
1 874 259 1113 501
1 900 560 1077 784
1 664 527 765 756
1 455 613 619 815
1 137 634 377 885
1 113 919 438 1254
1 381 1018 588 1281
1 687 925 864 1273
1 874 967 992 1279
1 1060 925 1184 1224
1 208 1347 358 1631
1 655 1366 731 1692
1 737 1385 965 1591
1 978 1404 1208 1684
7 914 280 959 337
7 794 244 832 301
7 314 647 345 702
7 727 535 752 569
7 1022 586 1058 628
7 238 927 295 1014
7 461 1043 493 1106
7 771 938 805 988
7 902 995 933 1045
7 1100 938 1127 978
7 288 1357 314 1406
7 685 1401 716 1446
7 1022 1425 1085 1522
7 746 1442 788 1479
8 659 1300 1210 1693
8 103 1299 648 1698
8 661 911 1209 1288
8 102 911 645 1287
8 98 523 645 901
8 658 517 1208 899
8 96 132 642 512
8 658 123 1209 509
