1 1017 165 1104 286
1 684 169 796 271
1 393 163 486 267
1 146 138 278 305
1 78 473 229 658
1 388 410 463 650
1 469 420 573 512
1 707 431 820 667
1 973 431 1077 641
1 1064 427 1153 522
1 82 835 316 1021
1 129 720 237 830
1 373 752 507 977
1 707 752 820 992
1 1007 747 1166 977
1 167 1198 356 1351
1 157 1075 257 1181
1 382 1062 520 1300
1 769 1079 881 1315
1 924 1185 1104 1330
1 1030 1064 1121 1164
1 121 1474 278 1633
1 703 1502 898 1693
1 720 1410 807 1502
1 924 1436 1157 1682
7 987 1466 1019 1502
7 452 764 482 792
7 467 1085 499 1115
7 1098 450 1126 473
7 792 1094 820 1121
7 1034 1089 1062 1121
7 135 1485 186 1529
8 95 1366 338 1685
8 641 1362 898 1689
8 912 1348 1221 1692
8 351 1335 626 1687
8 937 1031 1221 1333
8 370 1029 574 1323
8 582 1027 924 1347
8 94 1022 353 1354
8 358 697 587 1012
8 602 685 935 1013
8 92 677 345 1012
8 638 366 900 670
8 324 365 628 683
8 89 365 316 663
8 326 115 587 318
8 87 115 316 319
8 911 365 1218 682
8 905 112 1218 317
8 597 112 898 317
