1 91 233 250 576
1 173 404 444 584
1 476 281 652 514
1 584 343 830 616
1 957 275 1184 550
1 118 834 298 1125
1 201 824 485 1139
1 497 794 635 1006
1 661 773 902 1148
1 788 709 1053 1097
1 915 756 1205 1148
1 88 1330 264 1688
1 233 1341 442 1690
1 466 1362 752 1690
1 561 1366 826 1690
1 856 1466 1023 1699
1 959 1394 1205 1690
1 1127 1398 1201 1580
7 741 805 792 889
7 898 841 957 887
7 313 1379 385 1485
7 171 1383 220 1476
7 1021 1445 1101 1521
7 1122 1438 1199 1517
7 211 856 260 906
7 542 828 601 892
8 845 1169 1213 1705
8 454 1167 835 1705
8 84 1165 445 1699
8 654 634 1213 1153
8 87 631 644 1150
8 457 98 833 619
8 86 98 445 617
8 844 97 1212 622
7 684 1362 760 1426
7 1046 812 1116 904
7 162 242 208 288
7 230 408 278 464
