1 76 309 213 497
1 189 305 285 501
1 262 271 367 505
1 467 296 537 497
1 554 298 623 469
1 894 285 1032 499
1 1105 279 1212 503
1 108 584 226 874
1 219 586 328 896
1 475 672 552 821
1 548 680 627 813
1 614 706 680 823
1 670 661 821 860
1 941 659 1212 900
1 102 1069 194 1227
1 187 1086 309 1222
1 290 1071 463 1291
1 710 1067 802 1160
1 802 1079 909 1163
1 85 1421 232 1540
1 179 1453 309 1624
1 533 1417 819 1685
1 849 1453 1005 1685
6 623 390 678 501
6 676 309 749 503
6 736 303 796 497
6 644 1071 704 1167
6 1077 1493 1156 1587
6 1133 1496 1195 1589
6 962 1493 1035 1592
6 87 1534 160 1677
6 162 1592 264 1681
7 1024 723 1111 842
7 674 1478 736 1585
8 848 1322 1212 1697
8 487 1318 826 1693
8 81 1314 465 1690
8 941 925 1213 1304
8 505 923 914 1301
8 80 921 489 1298
8 896 529 1214 903
8 476 526 876 903
8 78 522 456 899
8 820 125 1216 508
8 78 125 801 506
