1 689 104 858 300
1 827 143 995 290
1 559 104 677 301
1 461 62 593 287
1 180 145 363 295
1 26 131 207 296
1 192 94 262 261
1 306 88 367 283
1 265 78 333 155
1 436 395 680 609
1 687 422 873 597
1 823 410 1002 599
1 266 444 335 597
1 193 453 263 589
1 120 807 180 916
1 65 799 135 919
1 806 698 1020 922
7 908 440 965 502
7 745 459 806 512
7 481 441 610 568
7 758 113 817 180
7 880 150 937 221
7 543 72 574 107
7 569 106 603 145
7 322 93 345 133
7 290 94 317 126
7 219 102 251 137
7 233 177 303 256
7 61 131 155 237
7 230 464 254 490
7 282 450 303 480
7 103 812 131 846
7 131 818 161 850
7 830 738 1001 903
8 13 690 227 922
8 801 656 1023 930
8 230 651 798 927
8 26 343 432 614
8 683 341 1008 611
8 691 30 1008 301
8 414 29 689 301
8 25 29 412 301
8 431 341 683 609
