1 54 98 207 298
1 9 99 68 298
1 50 104 109 190
1 174 101 262 299
1 365 158 543 302
1 193 392 269 602
1 252 395 325 593
1 299 396 388 599
1 395 408 464 597
1 434 441 574 598
1 546 468 602 569
1 643 402 779 512
1 727 441 890 594
1 170 731 298 904
1 107 646 183 864
6 448 663 480 702
6 473 662 507 703
6 591 784 623 826
6 624 787 659 844
6 569 788 591 820
6 310 162 348 219
1 261 818 336 891
7 63 126 95 160
7 28 118 59 164
7 190 121 226 158
7 204 407 231 436
7 284 408 313 441
7 320 413 346 445
7 135 682 165 710
7 290 829 323 862
7 551 477 582 518
7 701 418 737 452
6 384 687 428 732
8 670 641 1010 918
8 343 638 670 913
8 14 636 341 911
8 395 347 626 603
8 17 332 396 606
8 625 330 1008 604
8 567 27 1010 303
8 362 27 565 304
8 8 25 361 303
