1 37 36 193 295
1 97 88 171 225
1 98 113 251 301
1 231 66 343 216
1 266 154 412 300
1 327 85 424 220
1 502 69 621 303
1 604 124 721 304
1 732 138 868 288
1 827 158 988 307
1 265 343 385 509
1 200 521 289 611
1 289 512 391 606
1 84 502 184 609
1 14 496 87 611
1 864 463 991 593
1 920 442 1004 575
1 329 721 422 915
1 402 709 460 911
1 537 650 624 859
1 646 674 702 808
1 717 717 799 920
1 789 730 880 921
1 838 745 934 918
1 920 726 998 923
6 528 393 569 464
6 622 342 655 388
6 625 341 679 429
6 154 805 216 900
6 217 805 254 865
7 655 126 687 161
7 555 69 586 108
7 777 152 822 220
7 912 171 974 246
7 262 79 293 111
7 273 181 309 210
7 360 85 393 112
7 190 121 218 165
7 131 101 168 140
7 90 43 132 86
7 290 372 351 439
7 917 454 957 499
7 867 487 903 527
7 236 536 282 589
7 321 518 367 577
7 116 510 159 564
7 15 513 56 571
7 363 726 399 764
7 418 724 445 752
7 541 665 576 704
7 654 683 680 716
7 763 743 795 788
7 820 743 863 792
7 875 756 906 803
7 930 742 970 794
6 474 367 503 397
6 453 359 476 395
8 328 648 706 922
8 16 646 326 918
8 13 340 428 612
8 430 339 806 613
8 16 33 459 306
8 809 338 1002 611
8 707 651 1003 922
8 458 34 724 307
8 729 35 991 308
