1 339 104 446 302
1 470 115 559 262
1 610 139 780 292
1 787 99 956 305
1 854 124 1008 308
1 199 339 308 603
1 19 422 209 605
1 330 479 447 603
1 407 505 513 603
1 458 376 558 570
1 527 346 618 540
1 808 387 853 537
1 853 384 937 535
1 742 756 946 914
1 918 758 1008 914
1 687 752 810 859
1 322 730 442 901
1 394 701 459 828
1 456 700 497 832
1 195 748 308 908
1 108 759 188 910
1 12 746 80 871
6 25 149 75 230
7 887 391 914 421
7 825 389 849 411
7 840 112 876 156
7 948 134 984 177
7 649 146 696 198
7 498 127 524 151
7 108 432 134 487
7 203 350 244 385
7 365 489 417 542
7 428 514 473 563
7 549 370 573 399
7 824 785 877 842
7 948 788 1004 835
7 344 736 368 764
7 425 707 447 730
7 236 767 274 809
7 137 775 174 813
6 101 101 148 153
8 319 639 680 915
8 12 638 316 914
8 11 333 328 609
8 326 330 672 608
8 669 327 1015 606
8 613 32 783 308
8 328 30 611 306
8 15 28 327 303
8 784 36 1008 307
8 682 642 1011 912
