1 59 62 179 264
1 204 59 336 297
1 424 157 556 295
1 61 443 188 605
1 163 448 298 603
1 303 405 400 579
1 364 442 494 602
1 508 415 585 605
1 575 413 648 603
1 660 456 734 603
1 727 469 794 606
1 812 516 917 607
1 168 717 234 784
1 379 747 573 908
6 108 715 163 774
6 62 714 111 776
6 699 336 739 404
6 806 715 840 757
6 838 719 884 782
6 711 122 752 171
6 753 126 788 177
6 905 56 949 112
6 712 713 733 745
7 260 73 291 106
7 155 77 181 122
7 456 189 516 263
7 131 446 159 496
7 214 454 251 497
7 324 420 367 467
7 414 480 484 550
7 538 433 567 465
7 594 425 618 455
7 845 544 893 597
7 433 789 533 890
7 182 725 207 752
7 118 719 140 745
7 89 727 107 750
8 573 639 1001 913
8 377 639 575 911
8 13 639 377 911
8 11 364 302 607
8 654 336 1003 609
8 498 336 655 609
8 303 335 498 607
8 21 29 421 304
8 563 26 999 297
8 419 27 564 299
