1 11 122 105 297
1 104 72 205 300
1 84 38 177 150
1 236 78 331 232
1 391 124 524 296
1 529 109 661 289
1 684 71 792 286
1 740 105 859 292
1 855 128 934 296
1 921 124 1004 296
1 65 452 193 597
1 125 444 190 540
1 796 424 858 513
1 857 419 920 530
1 235 720 315 867
1 92 729 217 899
1 33 709 122 868
1 345 752 471 910
1 350 772 583 904
1 531 744 584 833
1 585 763 697 915
1 677 762 794 913
1 795 748 924 919
1 898 779 994 912
6 441 420 484 449
6 482 421 524 476
7 718 92 762 140
7 816 122 857 167
7 873 143 904 171
7 943 136 971 167
7 460 147 495 190
7 557 126 597 169
7 268 102 291 129
7 160 76 197 116
7 130 58 167 88
7 40 139 80 173
7 100 465 132 502
7 141 461 179 492
7 88 725 118 762
7 262 754 296 781
7 392 764 430 805
7 530 758 568 793
7 614 784 654 830
7 708 775 748 815
7 873 768 911 805
7 930 784 962 832
8 341 645 586 919
8 16 645 341 918
8 585 644 794 919
8 704 335 1014 607
8 10 28 386 304
8 385 26 663 301
8 661 25 1010 300
8 21 340 279 607
8 279 337 703 607
8 790 645 1014 918
