1 24 139 120 303
1 85 140 174 288
1 178 98 255 298
1 254 65 399 298
1 405 117 552 296
1 535 144 620 286
1 687 121 788 288
1 624 163 726 292
1 822 87 902 205
1 880 141 1014 294
1 575 383 792 601
1 803 441 884 597
1 867 442 919 595
1 888 428 1003 596
1 444 502 539 604
1 87 395 175 578
1 46 471 99 576
1 117 701 243 907
1 233 706 361 910
1 26 671 77 810
1 536 731 642 912
1 635 770 720 862
1 731 788 870 904
1 839 739 960 904
1 949 724 1009 905
6 251 418 281 461
6 214 414 249 468
6 196 410 224 451
6 661 106 695 153
6 797 777 830 833
7 832 112 881 155
7 913 145 995 256
7 562 151 612 213
7 430 158 510 249
7 269 89 313 133
7 202 112 232 141
7 116 142 143 179
7 47 141 84 176
7 597 435 733 561
7 828 447 856 482
7 936 444 972 487
7 474 520 536 592
7 255 733 309 778
7 639 776 682 813
7 742 812 799 871
7 898 746 930 791
7 957 743 991 786
8 365 654 527 913
8 16 636 361 911
8 575 335 796 607
8 20 333 441 610
8 619 27 789 299
8 402 27 620 300
8 16 27 403 300
8 788 27 1016 298
8 439 333 573 605
8 800 333 1009 606
8 531 643 719 913
8 724 642 1011 916
