1 16 102 125 295
1 141 100 222 220
1 347 154 489 299
1 495 96 573 299
1 614 139 691 298
1 800 363 1002 598
1 745 429 854 601
1 555 409 695 608
1 632 394 701 600
1 460 376 574 603
1 379 409 468 603
1 259 436 371 601
1 167 423 229 600
1 127 410 182 600
1 17 424 72 532
1 118 674 195 839
1 258 701 331 847
1 434 684 557 913
1 585 762 667 878
1 806 658 981 907
1 958 719 1001 823
7 760 435 789 471
7 817 451 966 570
7 605 775 639 810
7 834 687 894 743
7 974 730 1001 764
7 497 699 530 731
7 283 707 304 730
7 311 451 353 486
7 412 421 440 452
7 503 398 545 446
7 589 423 636 467
7 660 408 697 453
7 179 425 206 456
7 159 422 181 446
7 515 103 548 136
7 404 165 453 222
7 166 111 193 145
7 53 112 85 146
8 675 644 1005 916
8 381 644 675 916
8 12 644 381 916
8 705 337 1008 612
8 379 334 703 609
8 598 28 1005 301
8 346 26 598 301
8 13 23 346 300
8 8 331 372 602
