1 69 109 293 294
1 12 152 95 256
1 304 185 426 292
1 435 64 727 292
1 434 125 530 229
1 733 127 864 288
1 864 121 1002 298
1 36 432 119 599
1 116 425 188 598
1 325 349 435 577
1 428 360 506 595
1 496 436 589 593
1 263 411 313 537
1 619 391 704 594
1 712 398 780 594
1 689 388 737 592
1 791 406 958 600
1 941 398 997 599
1 412 768 509 877
1 370 785 456 898
1 458 783 521 901
1 691 701 845 889
1 695 719 756 887
1 819 699 879 891
1 857 701 942 889
1 931 707 996 892
6 234 404 271 537
6 309 417 343 517
7 163 145 225 212
7 36 174 79 209
7 326 204 380 272
7 469 139 519 196
7 593 103 693 240
7 780 168 849 252
7 916 148 976 233
7 378 364 414 404
7 438 375 469 411
7 133 435 162 464
7 67 441 93 469
7 726 411 755 444
7 706 403 730 432
7 816 458 914 552
7 945 454 993 562
7 449 785 485 830
7 887 708 913 741
7 950 713 979 744
7 834 706 862 740
7 705 717 743 764
8 688 632 1003 902
8 524 631 687 902
8 369 631 522 902
8 12 631 368 902
8 790 335 1000 606
8 602 333 788 604
8 731 28 1004 299
8 432 26 729 299
8 300 25 429 298
8 13 24 298 297
8 204 330 601 603
8 15 330 203 600
