1 146 27 352 297
1 158 66 222 183
1 96 69 162 235
1 677 175 752 292
1 752 175 836 292
1 859 151 993 305
1 175 435 277 609
1 259 438 320 606
1 400 455 497 608
1 491 457 598 609
1 614 375 712 608
1 665 368 839 600
1 824 364 920 593
1 870 355 1002 598
1 97 445 166 566
1 14 420 161 609
1 19 676 154 915
1 254 729 337 886
1 344 712 447 897
1 443 708 559 894
1 595 750 691 908
1 684 745 746 915
1 819 718 1006 912
1 762 720 824 817
6 487 156 538 267
6 541 158 591 272
6 198 756 240 812
7 699 199 740 242
7 772 193 819 239
7 879 186 956 262
7 239 47 326 151
7 117 455 147 489
7 194 457 233 498
7 272 450 306 488
7 419 475 460 515
7 520 476 563 514
7 659 384 690 425
7 729 379 785 437
7 874 382 908 422
7 915 379 949 422
7 113 693 152 739
7 265 750 305 800
7 366 734 406 771
7 472 726 529 787
7 646 758 671 796
7 691 758 727 800
7 775 737 814 785
7 887 732 945 815
6 364 149 412 202
6 173 73 195 103
6 124 75 151 104
8 19 674 340 918
8 749 647 1010 923
8 566 647 746 921
8 344 645 565 919
8 14 340 393 612
8 394 339 603 611
8 603 337 1008 610
8 845 32 1003 307
8 673 31 843 305
8 356 28 670 303
8 15 27 354 301
