1 25 75 171 301
1 145 68 304 303
1 429 102 559 298
1 495 92 676 296
1 683 53 850 306
1 818 99 1001 289
1 190 412 265 561
1 405 409 561 612
1 662 388 738 551
1 718 402 782 551
1 821 366 879 531
1 884 462 1004 611
1 5 753 136 912
1 456 722 530 915
1 519 730 601 916
1 757 747 947 916
1 901 771 976 894
1 937 771 1006 914
1 760 770 816 889
1 256 410 308 479
6 594 749 643 914
6 648 757 695 907
6 239 726 276 786
6 267 727 298 781
6 293 722 329 784
7 861 118 895 155
7 463 120 507 179
7 526 124 573 191
7 204 82 247 124
7 132 89 164 136
7 476 467 559 559
7 477 738 512 773
7 539 748 566 780
7 926 792 965 833
7 766 795 801 846
7 704 404 726 427
7 736 403 758 426
7 828 374 850 402
7 213 418 237 445
7 264 416 288 441
8 756 650 1007 926
8 402 649 753 923
8 3 643 400 920
8 622 345 1006 619
8 404 344 621 616
8 17 343 403 615
8 677 35 1013 309
8 355 33 675 308
8 12 33 353 306
