1 69 712 179 920
1 171 709 322 909
1 370 668 595 915
1 545 681 783 907
1 814 702 940 916
1 930 694 1016 916
1 703 398 785 609
1 794 383 915 545
1 745 98 913 294
1 893 96 1006 290
1 414 88 486 282
1 351 83 432 294
1 103 89 288 297
1 23 108 162 288
1 86 425 206 611
1 241 411 302 577
1 294 405 369 571
1 401 433 502 610
1 496 376 574 607
1 571 385 641 606
6 584 145 622 274
6 637 141 680 269
7 63 119 89 154
7 115 106 149 141
7 384 91 405 116
7 429 91 452 118
7 810 116 862 189
7 924 117 994 201
7 126 446 155 478
7 270 422 291 441
7 313 408 338 435
7 441 451 474 484
7 521 393 559 428
7 582 395 616 436
7 735 406 769 445
7 628 694 762 834
7 451 714 589 859
7 854 708 888 748
7 243 719 291 764
7 125 718 166 764
8 11 650 368 925
8 368 647 790 924
8 789 645 1019 922
8 21 341 373 617
8 312 27 504 301
8 13 27 313 303
8 503 26 742 300
8 742 24 1011 298
8 369 341 648 611
8 653 335 1003 611
