7 781 55 814 89
7 849 118 884 154
7 496 72 527 106
7 231 124 265 159
7 129 91 159 126
7 483 416 507 442
7 561 416 583 439
7 521 723 557 759
7 765 742 784 765
7 725 787 748 804
7 432 829 476 866
7 241 739 278 773
7 196 668 237 702
7 149 407 175 436
7 72 434 100 465
1 714 45 842 294
1 829 104 997 259
1 456 69 531 275
1 68 80 161 284
1 188 111 302 285
1 354 77 459 297
1 111 395 208 602
1 52 421 114 603
1 458 406 521 568
1 524 405 611 564
1 753 385 853 599
1 924 515 980 604
1 483 713 635 902
1 387 803 501 904
1 746 742 807 887
1 683 755 749 884
1 170 725 301 899
1 120 651 248 879
8 656 643 1017 917
8 373 641 655 915
8 12 641 370 913
8 21 335 367 607
8 678 33 1008 306
8 349 31 675 302
8 16 29 347 300
8 368 336 688 608
8 692 340 1003 611
