1 80 122 148 298
1 144 146 194 294
1 173 139 250 303
1 401 125 448 271
1 440 127 521 274
1 516 125 634 274
1 611 127 671 274
1 680 142 784 296
1 728 135 891 300
1 854 123 953 298
1 927 121 994 300
1 76 376 189 608
1 190 382 288 608
1 346 400 501 614
1 491 426 593 613
1 731 708 967 925
1 935 726 1004 925
1 878 743 940 869
1 142 717 230 921
1 73 714 139 920
1 24 703 102 925
6 264 445 307 568
6 884 444 913 503
6 915 454 968 598
6 962 452 1000 595
6 530 762 573 910
6 573 757 615 901
6 604 765 636 903
7 110 136 141 165
7 165 151 186 176
7 193 153 217 180
7 425 140 451 173
7 467 143 497 172
7 544 136 574 168
7 625 131 647 162
7 726 164 769 212
7 782 171 842 235
7 889 133 915 170
7 941 127 970 163
7 217 392 243 431
7 129 388 161 424
7 347 452 504 583
7 508 434 593 525
7 72 710 100 741
7 172 724 204 755
7 753 762 858 855
7 900 752 931 789
7 952 750 992 779
8 727 655 1007 931
8 258 652 727 928
8 10 651 258 927
8 11 339 345 615
8 680 36 1004 312
8 386 33 679 308
8 9 33 384 306
8 593 345 999 625
8 342 341 595 619
