1 100 62 187 292
1 66 121 333 278
1 369 86 556 297
1 510 92 601 297
1 776 336 1002 604
1 654 379 743 526
1 289 444 404 605
1 376 443 455 603
1 160 373 241 589
1 104 368 167 585
1 687 681 819 909
1 837 713 943 904
1 930 731 1007 912
1 292 737 591 916
1 36 681 274 908
1 774 126 841 271
1 482 390 591 593
1 572 396 683 593
7 808 374 988 559
7 550 106 599 160
7 411 134 488 215
7 283 129 320 171
7 122 72 156 105
7 133 376 158 410
7 180 377 212 408
7 406 454 440 487
7 354 463 396 501
7 699 387 723 412
7 306 769 356 819
7 101 714 154 768
7 752 719 809 786
7 853 746 908 807
7 948 751 989 797
8 687 641 1012 917
8 290 638 684 915
8 10 636 287 911
8 774 332 1007 607
8 14 332 287 606
8 15 25 368 299
8 367 28 678 299
8 680 27 1006 301
8 284 331 459 603
8 459 331 769 606
6 565 684 628 797
6 466 694 516 814
6 423 689 469 792
