1 12 109 191 298
1 392 114 452 229
1 462 143 543 281
1 516 145 659 292
1 665 55 863 301
1 775 27 911 287
1 876 28 1004 300
1 482 412 724 606
1 441 354 561 613
1 742 439 886 606
1 899 415 1003 610
1 218 430 284 606
1 96 407 200 610
1 17 705 148 918
1 148 726 290 916
1 316 714 453 916
1 396 756 613 911
1 735 693 802 899
1 787 727 857 901
1 875 715 949 904
6 328 132 368 220
6 226 142 259 203
6 205 132 242 229
6 171 132 220 231
7 481 168 531 222
7 569 169 625 218
7 68 136 139 200
7 758 59 798 95
7 798 34 833 64
7 578 469 711 586
7 821 468 866 513
7 910 449 953 494
7 472 442 557 548
7 237 440 265 470
7 139 421 168 448
7 74 728 120 768
7 366 756 436 817
7 184 752 219 788
7 508 792 571 846
7 773 705 801 742
7 815 733 841 766
7 887 720 913 754
8 15 645 312 919
8 311 644 618 917
8 617 642 1012 917
8 727 341 1005 614
8 444 341 726 613
8 15 341 443 613
8 662 27 1011 304
8 456 27 661 301
8 11 26 456 301
