1 98 88 218 303
1 230 89 310 304
1 201 95 256 297
1 413 144 500 282
1 503 76 568 247
1 654 100 709 239
1 741 105 794 198
1 828 110 888 258
1 840 388 1010 616
1 708 403 855 586
1 555 457 701 611
1 468 435 606 610
1 316 401 417 615
1 257 432 350 611
1 157 393 291 610
1 66 405 129 603
1 14 386 77 594
1 56 685 165 842
1 169 693 250 925
1 232 702 364 924
1 408 705 539 923
1 506 730 600 919
1 570 705 679 920
1 734 739 835 918
1 908 656 1004 896
7 422 156 457 183
7 521 83 548 111
7 251 105 277 134
7 223 108 250 135
7 167 96 195 127
7 95 413 117 444
7 50 400 75 431
7 252 413 290 453
7 298 448 331 486
7 330 425 369 465
7 526 456 572 504
7 609 489 652 539
7 729 436 803 503
7 862 435 999 571
7 527 739 569 786
7 580 721 626 761
7 794 745 827 786
7 940 660 979 697
7 192 695 217 734
7 105 684 145 728
7 458 741 493 796
8 11 646 409 930
8 408 643 705 925
8 704 641 1022 923
8 707 338 1014 619
8 465 338 706 616
8 11 337 465 615
8 575 30 1012 309
8 344 29 575 307
8 11 27 341 307
