1 60 92 169 227
1 77 143 276 301
1 308 181 374 299
1 403 188 475 299
1 503 92 697 304
1 747 149 894 296
1 865 142 954 295
1 66 700 152 863
1 158 706 221 892
1 203 697 328 913
1 342 748 498 913
1 446 747 500 911
1 512 743 608 912
1 552 744 708 914
1 747 750 881 903
1 884 725 998 907
7 886 154 915 185
7 500 120 641 268
7 415 193 454 242
7 343 188 378 234
7 102 99 139 139
7 520 761 569 822
7 600 742 701 863
7 820 771 858 815
7 911 748 961 809
7 81 716 118 756
7 172 715 202 755
7 455 750 481 791
6 360 747 384 786
8 714 648 1001 920
8 512 647 713 918
8 17 646 332 915
8 647 355 1009 613
8 345 338 647 610
8 14 337 347 609
8 702 30 1004 309
8 485 29 702 307
8 333 648 507 915
8 13 27 301 300
8 306 29 482 303
