1 881 128 1005 303
1 789 194 866 301
1 714 180 799 300
1 108 347 216 553
1 14 423 226 597
1 225 356 346 600
1 306 367 414 571
1 440 487 583 603
1 493 331 670 498
1 850 349 1004 510
1 718 457 889 599
1 48 702 205 901
1 229 682 375 909
1 386 733 493 900
1 455 699 682 901
1 705 723 823 904
1 846 698 982 908
6 560 194 608 295
6 22 192 75 250
6 306 194 344 243
7 807 206 851 257
7 892 159 994 271
7 748 200 794 251
7 149 359 180 393
7 61 458 109 516
7 264 373 291 402
7 586 356 623 400
7 479 504 538 568
7 761 494 835 577
7 914 375 973 447
7 109 708 147 754
7 251 695 282 724
7 422 742 468 799
7 552 749 656 857
7 758 733 791 766
7 892 704 925 741
8 382 638 686 913
8 14 638 381 913
8 717 334 1005 610
8 425 332 715 606
8 15 328 423 604
8 877 30 1009 305
8 712 28 876 303
8 265 26 711 301
8 14 23 264 297
8 689 639 1006 912
