1 69 320 373 770
1 368 456 784 765
8 53 1498 699 2193
8 726 1494 1535 2193
8 49 794 945 1472
8 971 790 1533 1471
8 44 84 801 779
8 823 79 1532 772
1 909 307 1274 770
1 831 463 934 763
1 1254 392 1397 760
1 1385 493 1536 664
1 57 954 324 1390
1 274 967 780 1387
1 549 1055 911 1385
1 1012 974 1377 1289
1 969 1186 1536 1405
1 55 1692 584 2186
1 722 1732 1010 2196
1 1287 1740 1536 2191
1 1171 1690 1403 2193
1 962 1765 1128 2191
1 1055 1765 1181 2188
7 65 382 269 639
7 579 523 697 619
7 838 498 909 584
7 1287 418 1347 486
7 234 989 312 1070
7 604 984 672 1062
7 803 1095 863 1166
7 1188 999 1261 1105
7 1327 1201 1415 1309
7 234 1856 481 2095
7 914 1821 1017 1977
7 1007 1816 1057 1881
7 1062 1806 1130 1863
7 1178 1750 1287 1886
7 1337 1790 1410 1944
