6 718 173 859 240
6 736 121 842 197
6 595 151 728 242
6 623 125 710 214
7 668 593 716 666
7 873 621 977 694
7 1009 589 1070 664
7 232 1327 272 1371
7 346 1138 402 1204
7 515 1114 559 1164
7 652 1232 708 1287
7 989 1180 1037 1242
7 989 1080 1051 1132
1 441 581 752 879
1 418 646 830 983
1 849 553 1106 865
1 933 513 1098 668
1 183 1287 406 1580
1 304 1120 585 1379
1 487 1094 589 1212
1 607 1188 812 1548
1 694 1029 875 1401
1 728 1142 1051 1614
1 933 1025 1106 1538
8 315 330 868 988
8 45 1000 595 1639
8 594 998 1114 1639
