7 945 1365 1049 1520
7 1009 857 1076 957
7 881 754 963 834
7 629 939 708 1027
7 422 804 473 859
7 127 893 193 959
7 139 1271 209 1335
7 209 1158 272 1216
7 461 1186 535 1244
7 871 312 935 414
7 883 195 939 266
7 666 242 728 306
7 326 242 372 298
7 177 212 230 292
1 53 173 197 555
1 197 396 527 563
1 264 232 429 392
1 750 145 1007 515
1 822 304 1112 561
1 646 230 802 509
6 601 354 744 549
6 63 987 189 1096
6 473 1037 573 1122
6 396 973 455 1068
1 203 698 334 953
1 358 754 543 1029
1 513 710 760 937
1 561 915 782 1110
1 844 716 977 911
1 893 826 1108 1098
1 61 1242 234 1614
1 173 1120 380 1590
1 300 1279 487 1630
1 441 1122 587 1626
1 625 1164 796 1632
1 768 1070 897 1622
1 925 1331 1122 1620
8 913 1109 1134 1632
8 844 571 1124 1100
8 54 48 582 594
8 584 33 1118 569
8 52 614 347 1105
8 342 500 838 1144
8 62 1109 592 1641
8 592 1069 917 1635
1 75 877 250 1096
