1 93 266 167 515
1 121 286 266 551
1 252 211 346 410
1 334 175 398 412
1 423 252 597 535
1 587 232 808 537
1 808 416 1021 583
1 977 342 1140 575
1 89 625 181 740
1 93 654 312 1025
1 248 642 483 1100
1 433 664 553 1096
1 519 722 631 1076
1 591 714 714 1049
1 656 744 764 1047
1 708 780 756 977
1 748 881 796 1019
1 802 756 1025 1104
1 889 652 1134 1102
1 1068 728 1138 957
1 89 1327 209 1620
1 207 1510 280 1630
1 354 1301 517 1594
1 354 1401 623 1632
1 603 1377 760 1640
1 794 1289 1001 1646
1 897 1333 1134 1644
5 1100 252 1144 396
5 959 226 1031 408
5 919 242 971 386
5 230 1437 292 1502
5 157 1321 216 1403
5 575 1329 627 1423
7 95 322 145 374
7 505 300 567 390
7 889 469 961 575
7 1031 400 1104 497
7 197 694 244 754
7 113 656 161 710
7 471 682 513 730
7 535 738 577 786
7 611 740 668 786
7 658 758 706 808
7 296 678 366 722
7 899 690 951 742
7 1068 756 1120 802
7 258 1329 290 1365
7 642 1425 732 1542
7 887 1343 971 1457
7 987 1381 1098 1508
8 81 1110 776 1647
8 94 47 439 571
8 389 45 847 548
8 808 54 1152 579
8 86 579 814 1105
8 814 580 1148 1105
8 795 1116 1143 1652
