7 282 233 322 290
7 309 181 363 243
7 564 455 651 560
7 788 797 829 863
7 401 782 474 874
7 162 799 292 934
7 694 1306 763 1410
7 912 1357 979 1442
1 123 207 350 542
1 292 156 515 572
1 451 393 686 666
1 728 322 949 562
1 929 269 1090 592
1 59 758 391 1111
1 389 748 579 1115
1 630 786 848 1083
1 910 675 1085 1130
1 98 1139 318 1605
1 205 1282 521 1628
1 540 1169 758 1660
1 782 1314 1083 1660
8 62 66 593 591
8 595 72 1138 607
8 430 337 773 670
8 52 593 591 1124
8 589 605 1126 1124
8 579 1136 1116 1659
8 42 1130 585 1657
