7 89 429 169 507
7 258 121 312 201
7 728 212 772 262
7 834 246 867 282
7 967 163 1003 222
7 1025 99 1070 161
7 189 965 254 1057
7 364 983 420 1074
7 698 638 756 704
7 784 654 842 710
7 897 686 943 752
7 893 844 943 895
7 1064 694 1100 762
7 226 1321 280 1413
7 278 1437 332 1524
7 366 1393 443 1486
7 668 1375 716 1427
7 812 1339 867 1405
7 929 1273 981 1321
7 1035 1313 1096 1371
1 53 402 79 607
1 197 408 298 575
1 360 429 427 551
1 53 402 268 696
1 205 91 425 686
1 867 211 943 475
1 636 252 686 471
1 447 101 712 503
1 676 193 881 487
1 742 228 931 475
1 937 59 1102 505
1 937 151 1070 479
1 57 911 312 1116
1 236 905 463 1122
1 927 629 1112 971
1 838 814 1047 1074
1 847 678 1029 865
1 724 652 851 1064
1 565 579 774 1090
1 539 830 893 1094
1 81 1291 314 1552
1 131 1411 437 1586
1 298 1359 509 1590
1 577 1367 768 1562
1 780 1303 1072 1566
1 1027 1268 1122 1475
1 895 1256 1072 1465
8 62 1136 567 1646
8 53 748 506 1122
8 47 51 431 735
8 449 562 1116 1131
8 569 1112 1126 1635
8 443 41 1111 569
