1 61 286 242 515
1 185 320 322 513
1 563 300 750 660
1 724 226 871 654
1 95 730 278 1066
1 141 714 328 1062
1 324 842 563 1114
1 654 814 824 1062
1 569 738 636 1009
1 571 760 696 1019
1 967 702 1112 995
1 629 1212 744 1347
1 798 1359 995 1628
1 947 1349 1120 1628
7 137 342 197 422
7 195 362 250 467
7 376 897 457 999
7 704 830 736 873
7 650 772 666 806
7 694 1228 724 1254
7 163 744 201 788
7 591 764 619 782
6 203 1423 236 1480
6 242 1425 270 1484
5 280 1411 364 1522
6 943 324 995 443
6 891 312 939 410
8 48 57 347 517
8 555 51 1116 669
8 50 532 330 1092
8 319 579 564 1114
8 550 699 1122 1109
8 532 1109 1114 1643
8 54 1122 513 1643
6 998 312 1035 392
