7 191 280 250 360
7 433 212 473 274
7 581 135 638 195
7 937 228 1011 322
7 165 780 262 883
7 382 792 473 867
7 676 770 754 853
7 1015 762 1064 814
7 1064 662 1104 712
7 252 1246 308 1311
7 362 1240 404 1287
7 368 1347 404 1397
7 479 1291 535 1347
7 786 1216 853 1275
7 933 1441 1009 1534
7 1023 1431 1102 1520
1 93 214 320 571
1 334 189 523 561
1 497 101 802 571
1 863 209 1120 565
1 93 720 326 1110
1 328 668 698 1096
1 601 704 861 1092
1 973 680 1134 1045
1 1064 654 1144 1029
1 131 1244 354 1544
1 330 1313 447 1632
1 334 1206 449 1486
1 443 1216 670 1518
1 621 1248 881 1584
1 784 1176 899 1550
1 907 1413 1051 1634
1 993 1365 1150 1630
1 93 1405 282 1632
8 85 53 325 576
8 330 47 859 573
8 868 47 1146 571
8 80 573 330 1112
8 323 586 864 1101
8 864 569 1146 1101
8 92 1112 447 1633
8 447 1111 893 1633
8 893 1112 1154 1635
