5 889 1339 1039 1486
5 330 1224 595 1596
7 191 280 244 392
7 292 326 376 437
7 863 151 907 211
7 240 808 358 911
7 521 692 563 750
7 619 748 670 802
7 834 834 899 939
7 981 897 1066 991
7 447 1192 503 1250
1 81 205 274 529
1 234 280 449 533
1 640 220 935 569
1 851 123 1031 535
1 99 790 368 1045
1 218 748 400 1033
1 402 670 609 1057
1 563 728 776 1049
1 772 788 953 1082
1 953 846 1116 1078
1 79 1333 356 1618
1 406 1186 547 1465
1 633 1220 875 1588
6 1003 1351 1112 1480
8 60 94 494 535
8 513 33 1120 614
8 780 627 1124 1086
8 404 609 780 1086
8 63 562 404 1090
8 65 1090 611 1629
8 819 1090 1133 1622
8 605 1062 877 1628
