5 408 445 453 489
5 89 1490 199 1610
6 81 877 141 1009
6 89 790 139 871
6 125 752 161 814
6 79 1383 147 1484
6 83 1303 173 1459
6 145 1277 173 1331
7 191 179 240 226
7 553 388 599 473
7 613 410 688 487
7 820 346 923 435
7 997 350 1062 435
7 796 758 851 830
7 993 726 1051 776
7 808 1335 895 1469
7 1007 1323 1082 1451
7 412 1277 453 1327
1 93 145 264 489
1 147 298 431 545
1 485 338 615 569
1 599 358 732 565
1 784 316 1021 571
1 955 278 1140 571
1 189 706 410 1053
1 314 708 529 1062
1 648 714 929 1076
1 869 692 1124 1051
1 887 1289 1102 1642
1 702 1315 945 1636
1 338 1250 631 1604
1 179 1250 416 1570
8 86 41 490 567
8 490 45 731 569
8 731 47 1146 573
8 82 567 605 1088
8 616 579 1141 1101
8 71 1092 705 1631
8 705 1109 1112 1631
