7 216 211 312 334
7 390 207 495 338
7 826 197 885 262
7 211 617 286 690
7 394 513 461 579
7 726 736 836 857
7 921 770 1035 899
1 85 181 368 386
1 382 161 595 374
1 668 145 764 400
1 810 155 973 509
1 973 83 1144 507
1 115 579 336 939
1 346 742 433 995
1 382 481 613 1088
1 629 704 847 1045
1 859 720 1138 1084
1 99 1230 157 1502
1 123 1297 300 1620
1 238 1234 435 1600
1 483 1397 644 1570
1 1005 1307 1154 1558
1 782 1262 1039 1546
1 497 1214 770 1415
1 881 1200 1025 1377
1 1005 1194 1154 1359
7 694 173 736 205
7 1053 103 1098 155
7 798 1343 847 1399
8 78 52 608 582
8 615 43 1150 574
8 86 377 607 1112
8 618 575 1154 1099
8 88 1114 470 1641
8 477 1092 1156 1635
