7 234 244 312 348
7 418 228 505 344
7 816 203 911 336
7 521 818 607 919
7 248 1269 310 1387
1 117 226 380 505
1 400 181 559 497
1 722 149 1072 549
1 115 752 408 1098
1 525 764 652 1086
1 380 752 509 999
1 738 666 921 1047
1 911 680 1100 1031
1 141 1250 398 1628
1 416 1385 509 1626
1 517 1307 774 1638
1 437 1273 575 1479
1 802 1268 987 1431
1 975 1266 1102 1482
1 794 1528 923 1624
7 682 1279 740 1355
7 851 1295 919 1367
7 991 1281 1057 1363
7 881 1433 955 1490
7 818 1556 901 1622
7 418 780 481 865
6 57 722 171 863
6 57 824 87 997
6 81 859 167 965
6 664 740 706 1031
6 921 1473 1049 1636
8 49 1111 402 1636
8 59 45 581 572
8 584 50 1118 573
8 48 577 667 1099
8 667 547 1111 1099
8 409 1105 1109 1639
6 199 735 274 877
