6 615 209 642 425
7 216 318 266 408
7 97 226 137 300
7 416 197 455 248
7 463 113 505 167
7 846 183 897 242
7 915 135 957 185
7 437 670 479 724
7 288 712 338 768
7 844 760 893 840
7 935 780 991 863
7 1049 796 1114 877
7 201 1347 278 1447
6 621 222 712 475
6 121 728 218 1001
6 87 712 143 989
1 234 706 439 1051
1 338 644 585 1033
1 644 784 869 1082
1 776 718 923 1082
1 897 732 1060 1088
1 1029 726 1136 1088
1 87 1293 338 1636
1 398 1166 573 1522
1 533 1230 752 1536
1 77 159 167 400
1 81 260 312 563
1 453 95 591 467
1 308 173 485 396
1 714 159 943 410
8 79 1110 373 1645
8 382 1107 1144 1634
8 80 580 604 1098
8 613 577 1144 1097
8 77 43 601 571
8 605 41 1144 567
1 891 103 1122 535
