1 69 212 212 431
1 99 216 284 463
1 338 191 561 539
1 533 131 732 505
1 776 332 1100 575
6 262 228 358 362
6 587 266 684 372
1 678 205 770 423
1 718 183 863 278
6 991 201 1118 268
6 985 272 1118 392
7 897 378 957 441
1 87 700 292 1011
1 141 714 435 1007
1 270 724 559 1029
1 441 629 686 1045
1 806 720 1021 1049
1 863 1234 1100 1532
1 658 1240 861 1612
7 423 230 465 276
7 443 736 495 792
7 567 1321 629 1381
7 917 1289 975 1343
5 69 1283 296 1526
6 1039 646 1110 879
6 961 650 1033 746
1 75 1206 232 1443
6 232 1184 340 1345
8 62 52 1128 575
8 697 584 1128 1105
8 54 573 686 1105
8 50 1101 507 1635
8 859 1114 1120 1639
8 507 1105 857 1639
