7 232 266 288 350
7 652 338 756 465
7 897 312 953 396
7 1019 264 1082 334
7 203 662 248 706
7 280 780 320 846
7 402 688 455 738
7 350 1283 427 1415
7 433 1333 531 1431
7 607 1273 656 1413
7 700 1339 784 1441
7 905 1188 961 1254
7 971 1166 1019 1228
1 109 228 326 533
1 338 214 425 525
1 435 205 497 473
1 605 294 808 551
1 855 282 1005 867
1 975 214 1124 851
1 121 621 274 1090
1 226 762 423 1080
1 374 670 563 1064
1 589 652 728 1082
1 971 1134 1134 1546
1 899 1150 1053 1548
1 103 1234 431 1612
1 404 1275 585 1622
1 607 1238 678 1514
1 648 1301 877 1620
8 97 45 577 550
8 577 47 844 577
8 844 47 1137 855
8 82 565 864 1103
8 78 1097 599 1628
8 599 1062 894 1628
8 883 847 1146 1624
