1 57 175 222 453
1 209 195 553 453
1 589 65 812 503
1 704 567 937 756
1 51 1303 238 1556
1 374 1295 517 1544
1 567 1224 802 1536
1 776 1309 881 1584
1 863 1317 943 1610
1 941 1295 1053 1600
1 1043 1425 1112 1608
1 1049 1315 1108 1423
7 334 306 441 406
7 666 169 750 270
7 392 1333 465 1405
7 109 1365 169 1425
7 971 1313 1013 1341
7 889 1325 919 1361
7 822 1333 853 1361
8 35 41 594 564
8 590 30 1099 560
8 43 564 1109 1101
8 39 1097 522 1639
8 522 1112 1124 1626
6 298 761 351 938
6 227 738 287 864
6 92 830 133 887
6 240 1411 340 1552
6 304 1511 398 1581
6 344 1411 423 1492
6 285 1287 330 1321
