7 804 959 957 1096
7 967 1367 1039 1471
1 951 1359 1118 1552
1 553 1345 712 1610
1 712 1279 772 1564
1 756 1381 929 1624
1 262 597 525 877
1 742 830 1116 1098
1 214 1208 392 1327
6 109 149 207 324
6 296 99 465 238
6 443 165 585 278
6 859 240 997 362
6 666 680 764 780
6 774 609 885 714
6 91 1365 187 1494
6 79 1492 240 1628
6 248 1576 364 1636
6 396 1447 523 1632
6 427 1325 513 1437
8 556 1116 1151 1645
8 80 1004 549 1638
8 564 590 1157 1110
8 90 580 560 1050
8 99 52 620 573
8 633 52 1156 580
5 186 362 402 564
5 355 349 611 556
5 101 210 282 383
5 633 71 864 500
5 951 424 1097 567
5 851 665 1011 780
