7 276 250 330 294
7 376 324 435 388
7 483 260 537 310
7 250 867 306 959
7 326 909 388 983
7 517 875 575 949
7 740 728 770 776
7 732 796 780 847
7 826 726 877 774
7 254 1222 296 1283
7 286 1303 342 1367
7 836 1254 895 1317
7 1055 1186 1094 1240
1 226 234 346 431
1 256 308 445 561
1 445 238 642 491
1 103 832 314 1114
1 290 875 471 1114
1 396 846 619 1118
1 889 688 1132 1080
7 917 760 963 808
1 808 712 915 1033
1 708 782 840 1037
1 636 706 784 1049
1 99 1206 248 1616
1 185 1206 298 1562
1 222 1285 443 1604
1 318 1242 559 1624
1 646 1182 959 1626
1 931 1180 1146 1610
1 748 1252 1100 1538
5 565 310 734 631
5 541 1333 609 1518
1 99 276 151 465
1 189 282 252 418
8 98 56 951 679
8 94 676 622 1124
8 627 586 1154 1103
8 94 1120 616 1633
8 627 1105 1146 1633
