6 422 207 479 326
6 587 205 672 346
6 720 199 849 441
6 177 714 262 969
6 246 712 330 881
6 93 1254 181 1500
6 155 1252 230 1484
6 889 1453 963 1586
6 712 1467 780 1572
6 523 939 575 1104
7 525 242 575 316
7 654 212 702 278
7 1051 340 1102 422
7 324 788 390 887
7 423 802 487 893
7 595 873 642 921
7 672 804 732 863
7 981 869 1023 951
7 1039 881 1100 951
7 252 1252 294 1291
7 398 1291 447 1373
7 640 1477 716 1586
7 812 1463 887 1568
1 308 222 577 573
1 420 218 609 499
1 619 177 820 571
1 842 304 1100 565
1 1023 302 1102 567
1 79 746 201 965
1 224 754 420 1070
1 386 720 547 1029
1 567 836 712 1202
1 654 766 812 1266
1 812 909 931 1176
1 901 840 1096 1178
1 1009 820 1114 1110
1 220 1252 328 1461
1 59 1268 113 1403
1 222 1218 406 1572
1 386 1254 505 1634
1 525 1395 744 1624
1 738 1401 744 1415
8 515 1267 1121 1637
8 297 50 1116 578
8 814 603 1114 1255
8 530 577 810 1255
8 58 577 552 1090
8 48 1082 511 1637
