1 79 260 139 461
1 113 236 171 404
1 368 220 368 220
1 103 220 370 543
1 477 226 716 585
1 726 191 865 531
1 863 236 997 547
1 1003 173 1138 541
1 87 812 286 1035
1 127 652 306 859
1 252 662 471 1058
1 449 654 523 796
1 702 692 927 1031
1 899 674 1094 1100
1 105 1339 314 1632
1 175 1405 463 1632
1 463 1343 648 1636
1 664 1238 971 1634
1 871 1262 1132 1622
7 561 282 668 396
7 792 199 857 252
7 873 252 927 306
7 1045 211 1120 294
7 328 702 404 776
7 770 718 847 814
7 973 708 1043 766
7 137 1387 230 1494
7 306 1427 412 1548
7 501 1429 627 1554
7 847 1269 913 1353
7 901 1273 961 1363
7 107 836 169 885
8 71 47 477 582
8 462 56 712 584
8 712 56 1139 577
8 605 584 1139 1105
8 75 586 605 1105
8 73 1114 464 1635
8 464 1111 659 1635
8 658 1116 1131 1637
1 360 231 468 445
