6 264 1240 314 1343
6 324 1252 352 1331
6 354 1246 386 1331
6 388 1244 431 1341
6 489 1291 511 1345
6 471 1279 495 1343
5 216 394 296 483
5 499 410 573 523
5 806 893 921 1058
5 370 1457 507 1558
5 816 1313 909 1459
7 382 288 433 346
7 672 155 700 195
7 808 352 865 445
7 903 412 983 515
7 61 633 113 732
7 352 808 406 919
7 533 648 591 694
7 621 750 660 794
7 722 593 782 644
7 810 704 851 750
7 911 740 961 786
7 989 855 1039 897
7 234 1365 272 1399
1 67 157 284 561
1 296 288 497 549
1 664 123 706 509
1 561 111 678 571
1 716 236 941 577
1 806 392 1062 577
1 65 575 143 752
1 57 613 479 939
1 57 778 406 1086
1 487 623 601 1029
1 563 728 690 1043
1 668 587 828 1049
1 752 684 867 1060
1 885 720 983 1055
1 969 830 1066 1064
1 63 1325 230 1570
1 195 1351 364 1538
1 636 1158 867 1459
1 927 1226 1080 1455
8 49 1108 577 1634
8 717 53 1123 578
8 56 43 708 569
8 48 575 1116 1099
8 588 1094 1111 1641
