5 57 67 336 348
1 396 121 527 262
1 392 266 589 579
1 535 268 682 414
1 631 193 828 392
1 631 193 778 205
1 772 205 869 354
1 869 240 937 356
1 929 99 1108 314
1 935 216 1110 579
1 670 346 969 579
1 53 672 234 1116
1 165 861 282 1088
1 276 849 400 1098
1 410 834 561 1098
1 583 766 836 1106
1 808 810 1098 1108
1 113 1212 380 1608
1 680 1202 1023 1578
7 477 141 529 250
7 1005 133 1064 207
7 802 220 857 286
7 879 274 927 320
7 973 252 1019 336
7 157 694 214 758
7 207 869 270 933
7 288 863 396 1029
7 433 897 539 1007
7 674 861 790 1005
7 869 871 999 1033
7 296 1238 376 1315
7 897 1238 977 1323
8 511 1114 1082 1584
8 576 588 1111 1110
8 384 50 1117 583
7 496 297 545 398
8 52 582 569 1107
8 45 43 379 575
8 35 1103 494 1641
