7 203 254 254 350
7 310 296 388 372
7 1041 784 1088 853
7 123 1240 163 1289
7 193 1198 242 1246
7 306 1301 364 1353
7 420 1194 461 1242
7 503 1377 569 1469
7 581 1411 650 1502
7 768 1242 798 1283
7 893 1254 949 1313
7 1057 1285 1096 1319
1 830 330 877 475
1 861 358 927 499
1 87 790 260 1096
1 248 784 443 1027
1 507 814 644 999
1 617 871 742 1039
1 706 818 919 1096
1 887 814 1086 1098
1 1045 766 1140 1055
1 87 1228 201 1560
1 175 1174 274 1405
1 129 1283 451 1632
1 376 1148 481 1572
1 483 1335 579 1636
1 487 1397 732 1634
1 732 1186 830 1608
1 812 1226 1015 1624
1 1011 1238 1138 1622
6 722 336 760 487
6 736 352 804 521
6 901 473 967 563
6 969 471 1037 557
6 1029 459 1096 557
6 1062 340 1126 479
6 935 274 1017 425
6 780 300 840 463
6 338 772 412 889
8 71 50 488 571
8 500 37 1139 571
8 84 565 1135 1105
8 84 1116 490 1641
8 490 1105 731 1641
8 733 1107 1146 1631
1 73 165 304 565
1 219 257 486 562
