1 105 61 360 416
1 284 175 573 420
1 85 810 197 925
1 91 686 230 927
1 226 636 425 925
1 621 431 738 688
1 589 308 740 579
1 742 304 941 650
1 724 810 957 1094
1 531 836 662 1035
1 447 828 535 1019
1 427 909 489 1023
1 87 1373 209 1606
1 83 1271 236 1518
1 220 1168 469 1566
1 619 1295 999 1630
5 927 236 1122 678
5 1078 493 1146 613
5 660 802 770 1045
5 971 810 1138 1098
5 165 561 565 746
5 778 1176 1136 1632
5 443 1134 583 1594
7 234 107 302 177
7 463 205 545 274
7 638 326 692 382
7 838 342 911 408
7 282 652 354 732
7 571 840 599 881
7 274 1208 342 1281
7 828 1319 945 1441
7 826 857 889 945
8 588 1112 1142 1641
8 82 31 611 424
8 620 47 1144 688
8 78 443 567 924
8 376 665 806 1094
8 65 958 586 1637
8 716 682 1154 1097
