7 220 800 286 861
7 485 427 551 491
7 696 294 738 360
7 1060 153 1106 222
7 953 660 1037 726
7 899 652 945 736
7 238 1088 302 1196
7 386 1086 479 1188
7 334 1433 412 1568
7 423 1449 573 1590
6 903 240 979 461
6 965 268 1053 471
1 91 577 469 937
1 429 382 623 863
1 631 278 963 571
1 1025 107 1136 547
1 157 1066 370 1234
1 372 1057 603 1238
1 541 629 1112 1154
1 925 621 1136 1023
1 163 1401 410 1626
1 380 1379 601 1628
1 682 1200 979 1548
1 949 1275 1053 1550
1 1039 1331 1126 1558
8 80 48 611 945
8 603 41 1143 564
8 607 575 1143 1094
8 614 1103 1144 1633
8 84 1244 609 1635
8 84 955 605 1240
