7 105 201 153 246
7 205 175 248 216
7 587 201 640 274
7 846 191 925 314
7 987 272 1076 380
7 165 742 230 863
7 294 861 378 961
7 439 738 479 816
7 497 794 553 849
7 642 736 676 800
7 752 770 806 849
7 730 883 782 945
7 907 760 975 846
7 1043 750 1086 820
7 266 1315 374 1471
7 575 1349 704 1480
7 941 1321 1051 1441
1 95 278 175 503
1 141 246 260 517
1 209 244 374 503
1 292 185 537 473
1 378 161 461 346
1 193 157 340 300
1 505 97 748 507
1 929 209 1156 563
1 768 161 1080 449
1 101 726 274 997
1 244 804 392 1007
1 451 883 519 973
1 525 826 623 1070
1 625 828 746 1068
1 726 865 869 1068
1 903 730 1142 1092
1 812 722 1047 979
1 680 756 806 873
1 553 710 694 905
1 485 774 569 953
1 400 716 485 969
1 133 1254 485 1644
1 517 1277 784 1600
1 810 1291 1166 1628
8 516 1280 787 1598
8 104 1117 493 1650
8 784 1105 1175 1637
8 88 50 774 586
8 750 37 1156 564
8 396 569 1163 1107
8 94 590 394 1107
