1 81 220 439 605
1 260 258 455 523
1 479 193 668 593
1 609 201 766 587
1 824 260 1023 571
1 887 276 1136 571
1 115 736 473 1055
1 459 670 599 1082
1 650 674 877 1072
1 917 674 1116 1033
1 117 1266 410 1548
1 334 1246 629 1576
1 670 1224 849 1596
1 893 1174 1118 1592
5 254 937 392 1082
5 97 893 179 1003
5 105 1550 252 1632
5 111 1252 209 1361
7 869 314 957 412
7 292 318 410 439
7 623 228 670 268
7 658 252 716 300
7 207 300 280 402
7 408 1287 459 1329
7 798 1250 846 1307
7 931 1210 1009 1275
7 937 706 993 756
7 752 708 814 770
8 71 48 460 580
8 454 52 812 575
8 812 52 1139 571
8 611 579 1139 1105
8 75 588 603 1105
8 73 1109 674 1637
8 667 1058 1135 1637
