7 298 290 364 404
7 422 318 481 410
7 666 187 718 272
7 654 312 718 410
7 718 270 760 328
7 798 274 844 330
7 836 316 875 364
7 881 274 945 330
7 969 218 1029 282
7 1033 264 1080 334
7 955 362 1003 414
7 826 402 875 455
7 768 433 824 491
7 903 507 961 559
7 185 871 248 985
7 284 901 370 1019
7 830 742 855 774
7 887 774 919 810
7 205 1317 268 1447
7 800 1273 847 1331
5 555 768 800 991
5 507 748 760 997
1 203 270 384 545
1 404 276 557 537
1 597 163 714 398
1 595 290 798 555
1 696 236 768 334
1 750 406 863 571
1 810 380 897 567
1 1017 197 1152 573
1 933 189 1068 575
1 857 246 979 497
1 712 222 857 423
1 95 826 244 1098
1 242 885 437 1100
1 822 766 987 905
1 770 728 879 905
1 87 1252 286 1632
1 290 1365 402 1471
1 312 1480 465 1594
1 402 1375 463 1475
1 469 1339 593 1457
1 507 1473 621 1572
1 660 1152 903 1596
1 736 1429 806 1546
1 917 1166 1154 1566
1 937 1353 1088 1546
1 907 1469 995 1538
6 820 1455 901 1530
8 99 47 590 539
8 590 47 1167 571
8 483 592 1156 1103
8 90 592 443 1103
8 90 1107 661 1645
8 661 1103 1156 1645
