5 105 360 236 487
5 529 497 758 571
7 218 238 270 284
7 804 135 855 181
7 338 149 362 191
7 159 670 193 728
7 429 732 483 784
7 836 877 907 995
7 945 899 1047 995
7 244 1395 338 1530
7 613 1180 666 1232
7 788 1236 849 1297
1 211 203 408 495
1 330 121 465 422
1 549 121 746 489
1 738 111 939 467
1 838 242 1068 567
1 1037 173 1148 569
1 91 648 260 1118
1 246 627 437 1051
1 268 690 489 1072
1 529 883 644 1102
1 511 776 627 1074
1 487 648 587 1051
1 587 694 688 885
1 672 720 784 1082
1 623 772 704 1049
1 792 794 931 1104
1 915 851 1152 1102
1 101 1319 441 1640
1 479 1148 736 1590
1 638 1228 877 1572
1 877 1419 1039 1608
1 877 1301 1074 1538
1 1058 1301 1152 1554
1 865 1194 1066 1323
8 95 1118 450 1646
8 447 1116 1165 1641
8 778 579 1161 1111
8 95 579 778 1118
8 78 58 475 579
8 475 41 1154 580
