7 1021 159 1070 220
7 724 252 778 302
7 256 744 296 816
7 296 754 354 824
7 710 684 776 732
7 853 712 935 780
7 933 1222 985 1287
7 788 1319 844 1399
7 487 1242 549 1293
7 212 1220 276 1281
1 370 322 497 561
1 481 324 631 591
1 710 212 959 559
1 913 129 1130 573
6 147 346 242 555
6 238 376 362 551
1 276 730 489 1108
1 141 728 310 1062
1 664 652 861 1074
1 844 684 1037 1074
1 113 1184 465 1624
1 314 1234 579 1594
1 692 1315 855 1518
1 901 1190 1124 1630
8 80 45 374 682
8 366 41 639 594
8 631 48 1148 579
8 541 588 1144 1103
8 75 505 575 1156
8 67 1099 697 1641
8 697 1109 1131 1641
