7 117 218 177 284
7 278 135 342 207
7 493 141 541 212
7 583 400 664 467
7 806 252 867 360
7 915 230 973 308
7 999 551 1060 609
7 209 851 298 991
7 304 780 410 887
7 354 887 441 1023
7 790 1064 889 1194
7 724 1001 810 1158
7 999 985 1092 1124
7 63 1162 135 1234
7 296 1226 358 1299
7 629 1449 722 1560
7 851 1411 917 1576
7 905 1389 1043 1610
1 57 163 316 499
1 228 89 414 485
1 382 101 531 545
1 501 356 796 853
1 656 224 879 772
1 875 181 1088 871
1 981 519 1102 836
1 35 786 286 1098
1 254 696 453 1070
1 346 828 529 1066
1 593 1005 784 1311
1 756 1035 939 1317
1 985 977 1110 1315
1 53 1297 141 1602
1 63 1154 185 1556
1 163 1130 264 1602
1 256 1208 455 1576
1 429 1122 557 1628
1 585 1441 716 1616
1 734 1409 911 1634
1 893 1395 1102 1632
8 581 1328 1110 1640
8 584 883 1114 1320
8 48 37 579 569
8 54 573 588 1099
8 48 1105 573 1631
8 569 47 1116 859
