1 95 260 282 531
1 262 366 406 549
1 406 246 467 481
1 475 99 726 304
1 633 159 851 491
1 85 732 364 1062
1 300 625 491 1019
1 481 736 563 1011
1 587 802 842 1076
1 816 903 1057 1104
1 67 1228 437 1634
1 505 1293 666 1594
1 475 1210 555 1548
1 531 1206 678 1449
1 696 1339 915 1640
1 847 1271 1007 1642
1 889 1395 1112 1640
7 195 292 280 384
7 298 388 362 471
7 412 284 461 378
7 581 119 621 183
7 242 754 300 822
7 332 660 380 720
7 507 748 545 810
7 726 871 826 945
7 885 929 943 1021
7 248 1273 310 1341
7 557 1309 603 1357
7 780 1371 849 1467
7 903 1307 967 1393
7 975 1431 1033 1526
7 613 1226 654 1260
7 481 1222 509 1260
8 470 51 1132 581
8 63 41 458 533
8 48 582 569 1097
8 575 580 1122 1111
8 703 1114 1122 1643
8 48 1109 682 1645
