7 533 187 646 302
7 832 861 905 957
7 949 832 1029 935
7 911 728 983 802
7 796 744 861 830
7 631 804 680 909
7 716 838 788 921
7 720 1321 818 1449
7 929 1389 1025 1492
7 599 1339 664 1409
7 348 1236 398 1283
7 268 1281 322 1339
1 203 149 408 491
1 117 220 292 545
1 81 125 159 477
1 497 119 684 423
1 861 155 963 559
1 953 248 1104 579
1 91 672 232 1043
1 199 698 310 1064
1 324 744 433 1062
1 461 688 559 1049
1 587 738 668 1060
1 939 748 1106 1100
1 736 824 939 1100
1 680 784 790 1082
1 857 1337 1104 1630
1 714 1258 871 1612
1 579 1301 698 1634
1 431 1283 593 1628
1 326 1204 427 1628
1 195 1248 342 1578
1 103 1208 205 1558
1 55 1192 127 1520
8 63 37 500 565
8 483 116 688 562
8 684 50 1137 580
8 52 573 579 1094
8 580 577 1120 1112
8 710 1114 1120 1643
8 47 1099 697 1639
6 693 191 752 432
6 699 235 836 505
6 767 221 859 462
6 973 152 1124 340
