7 1049 193 1104 252
7 808 159 859 224
7 640 195 686 256
7 439 201 497 274
7 165 770 212 820
7 336 718 414 768
7 621 688 680 750
7 826 752 871 798
7 899 720 959 778
7 465 1043 515 1110
7 183 1236 230 1295
7 766 1232 820 1291
7 728 1242 764 1295
7 993 1268 1041 1333
1 109 218 372 565
1 348 161 611 553
1 607 189 716 302
1 718 149 967 511
1 897 171 1144 539
1 135 758 360 1064
1 338 682 543 1055
1 591 664 780 1047
1 788 724 919 1060
1 838 734 1124 1051
1 863 688 1027 1021
1 83 1234 252 1618
1 171 1208 348 1550
1 240 1033 634 1510
1 650 1224 903 1600
1 849 1244 1138 1634
8 94 43 720 571
8 720 52 1161 579
8 88 565 579 1071
8 579 571 795 1065
8 793 582 1141 1097
8 614 1143 1141 1633
8 84 1094 569 1629
