7 454 262 692 526
7 234 178 266 216
7 974 266 1014 332
7 890 370 960 476
7 884 648 922 694
7 110 870 132 894
7 172 1278 252 1392
7 586 1458 636 1520
7 1004 1492 1050 1562
1 410 222 764 558
1 166 170 332 528
1 38 464 392 576
1 794 236 1042 498
1 794 336 1022 576
1 804 630 952 1036
1 96 868 212 1036
1 56 1228 376 1654
1 428 1146 1064 1614
5 62 700 522 846
5 986 668 1134 798
5 144 1390 498 1614
8 419 45 780 578
8 797 42 1167 579
8 30 41 400 574
8 30 587 398 1123
8 415 591 782 1122
8 793 589 1167 1122
8 34 1140 396 1654
8 417 1142 1167 1654
