1 42 98 276 580
1 102 106 400 540
1 434 316 754 576
1 630 378 724 574
1 712 422 784 572
1 812 58 924 292
1 902 70 1018 282
1 894 256 1140 450
1 38 732 308 1114
1 168 840 426 1122
1 490 818 612 1036
1 568 896 720 1124
1 826 832 1000 1092
1 896 718 1044 982
1 330 1224 568 1530
1 538 1250 696 1534
1 774 1208 1168 1658
7 280 118 332 178
7 474 354 524 392
7 74 798 156 894
7 940 858 982 962
7 878 1388 1136 1600
7 426 1242 476 1272
7 516 826 546 860
7 618 910 644 938
7 910 268 954 294
8 790 1149 1169 1661
8 34 1144 787 1659
8 825 602 1171 1124
8 447 602 809 1126
8 34 600 432 1122
8 35 41 414 585
8 802 40 1171 580
8 428 22 787 583
