1 838 146 1182 500
1 114 348 198 432
1 436 130 680 506
1 804 744 850 826
1 320 678 352 718
1 868 1366 1010 1532
1 1052 1352 1180 1558
1 444 1276 784 1600
1 38 1310 162 1592
1 132 1304 272 1598
1 216 1302 330 1594
1 306 1320 404 1538
5 720 754 956 864
5 232 708 438 752
5 816 56 1172 444
7 554 144 582 186
7 896 174 948 220
7 140 350 158 374
7 540 1382 686 1546
7 924 1384 974 1414
7 346 1368 378 1394
7 188 1380 222 1408
7 248 1342 270 1384
7 130 1330 158 1374
8 812 1142 1185 1655
8 36 1141 408 1659
8 427 1138 795 1655
8 634 598 1186 1127
8 38 597 618 1123
8 815 24 1187 580
8 32 41 409 578
8 421 39 800 579
