1 88 106 298 432
1 282 186 388 396
1 56 330 388 578
1 422 130 562 428
1 592 126 742 430
1 840 376 948 632
1 920 338 1006 632
1 970 376 1108 638
1 412 744 594 1030
1 474 750 638 1124
1 592 678 722 992
1 808 914 1136 1120
1 68 1222 158 1642
1 74 1298 306 1572
1 252 1250 386 1510
1 802 1154 952 1456
1 908 1138 1018 1468
1 906 1412 1100 1652
7 120 162 188 218
7 340 202 384 260
7 508 168 550 212
7 614 164 664 216
7 880 396 926 436
7 130 836 276 1062
7 490 766 534 806
7 102 1260 144 1294
7 300 1274 324 1322
7 868 1174 904 1218
7 926 1186 968 1206
8 803 1142 1173 1660
8 417 1140 783 1661
8 33 1140 398 1663
8 801 657 1174 1127
8 32 595 396 1122
8 417 594 784 1125
8 790 39 1171 642
8 417 39 784 576
8 33 39 398 577
7 972 948 1037 1044
