1 32 44 388 434
1 290 176 430 446
1 32 354 362 572
1 446 326 718 568
1 634 330 784 508
1 844 258 1072 578
1 998 264 1158 574
1 136 892 428 1112
1 352 800 704 1114
1 216 600 330 822
1 790 774 1002 1058
1 996 716 1166 1076
1 48 1358 334 1658
1 268 1188 618 1654
1 604 1250 956 1592
1 944 1226 1168 1648
7 320 194 370 240
7 196 414 314 522
7 714 336 754 378
7 1038 288 1074 330
7 984 282 1024 336
7 1064 810 1094 842
7 416 1316 552 1454
7 218 1388 276 1454
8 777 596 1169 1119
8 34 595 762 1120
8 35 39 431 576
8 801 24 1170 576
8 448 23 789 575
8 32 1144 625 1660
8 632 1140 1171 1658
