7 502 250 666 446
7 564 742 612 780
7 256 1474 302 1556
7 486 1474 524 1510
7 484 1422 508 1466
7 732 1268 774 1348
7 986 1318 1042 1356
1 420 170 780 572
1 544 714 670 1104
1 406 670 552 1084
1 96 838 258 1020
1 214 714 358 976
1 62 710 202 904
1 144 1376 196 1486
1 232 1452 388 1656
1 630 1236 766 1646
1 466 1460 624 1596
1 430 1390 532 1590
1 528 1308 618 1492
1 816 1248 1112 1542
1 970 836 1048 950
1 998 792 1100 930
1 800 838 988 1124
1 984 336 1166 562
7 1032 364 1086 436
8 798 1137 1168 1659
8 415 1136 777 1659
8 25 1135 400 1658
8 799 594 1170 1122
8 399 593 777 1119
8 28 592 407 1119
8 27 21 400 573
8 413 32 787 576
8 802 37 1173 576
