7 900 790 1044 976
7 1046 816 1138 944
7 1000 1476 1060 1542
7 910 1324 940 1358
7 518 340 570 392
7 904 210 976 294
1 126 246 254 384
1 496 208 714 494
1 910 160 1148 296
1 828 318 900 378
1 812 702 1060 1114
1 990 710 1158 1112
1 926 1436 1144 1646
1 838 1292 1020 1508
1 616 1314 686 1468
1 52 1284 322 1482
7 258 1326 310 1368
1 78 762 320 1090
1 608 696 668 760
1 700 598 786 670
8 795 1141 1164 1658
8 34 1141 402 1656
8 421 1140 780 1657
8 798 598 1166 1126
8 423 598 781 1125
8 33 597 402 1123
8 797 40 1164 583
8 33 40 404 581
8 424 23 781 581
