1 42 82 236 384
1 168 50 382 422
1 420 90 632 368
1 820 252 950 502
1 1070 236 1156 334
1 104 650 424 1116
1 320 656 426 880
1 814 654 980 1078
1 810 904 1082 1120
1 1028 936 1168 1118
1 184 1262 422 1608
5 356 264 622 504
5 80 1314 272 1560
5 452 1204 738 1672
5 914 1406 1044 1590
7 208 716 324 854
7 340 740 408 812
7 872 680 922 738
7 926 976 1010 1066
7 1094 1026 1150 1076
7 258 1296 302 1350
7 482 140 526 196
7 846 266 878 298
7 1094 258 1126 286
7 118 116 160 148
7 202 78 242 120
8 800 1140 1169 1656
8 446 1139 785 1674
8 33 1139 429 1657
8 801 601 1169 1123
8 447 600 783 1122
8 34 599 428 1122
8 803 43 1169 578
8 35 43 783 577
