1 188 224 348 316
1 558 384 750 516
1 160 720 342 1044
1 418 848 658 1110
1 590 700 768 1088
1 548 1002 730 1104
1 980 658 1162 1052
1 826 734 1032 960
1 808 754 1086 1098
1 218 1146 376 1532
1 140 1296 394 1656
1 42 1310 204 1538
1 444 1206 676 1412
1 432 1326 780 1648
1 930 1166 1056 1358
1 800 1528 1164 1644
1 812 1462 1022 1556
7 288 260 336 298
7 654 1008 710 1064
7 636 738 678 772
7 1014 678 1050 718
7 462 1266 526 1330
7 622 1426 730 1542
7 1044 1584 1092 1620
7 266 1184 306 1214
8 801 1138 1168 1660
8 418 1137 783 1659
8 35 1134 401 1657
8 802 595 1170 1119
8 420 593 785 1120
8 35 592 403 1120
8 803 35 1168 579
8 36 35 403 574
8 417 32 791 579
