1 34 102 388 748
1 486 202 784 574
1 806 168 1166 570
1 38 898 400 1266
1 470 740 634 1044
1 612 708 722 954
1 802 728 1060 1110
1 1046 622 1166 1112
1 438 1248 706 1654
1 852 1422 1162 1654
1 1112 1478 1158 1588
7 168 186 240 262
7 580 280 644 356
7 924 256 1026 386
7 112 956 274 1158
7 846 776 964 886
7 1056 700 1152 824
7 556 1284 606 1350
7 1000 1502 1088 1612
6 70 1406 216 1606
6 696 704 782 952
8 801 1138 1172 1659
8 801 590 1173 1125
8 804 33 1172 572
8 379 32 787 570
8 413 589 787 1120
8 408 1140 783 1666
8 32 35 402 761
8 34 874 396 1660
7 655 721 681 755
