7 144 216 188 262
7 684 194 770 320
7 906 288 954 342
7 1074 194 1098 218
7 986 760 1036 814
7 630 808 664 850
7 478 854 516 890
7 104 880 184 976
7 252 906 328 1050
7 674 1370 736 1434
7 982 1506 1058 1570
1 1028 184 1146 470
1 848 250 1026 526
1 622 120 778 502
1 552 164 688 348
1 418 184 702 346
1 32 146 240 526
1 36 822 292 1120
1 242 782 390 1124
1 434 822 548 1076
1 560 776 740 1072
1 860 724 1152 1076
1 170 1350 226 1500
1 100 1410 166 1492
1 366 1288 506 1326
1 602 1318 844 1598
1 966 1454 1088 1606
8 593 1148 1163 1663
8 798 47 1167 583
8 30 45 398 579
8 413 51 780 579
8 28 600 396 1129
8 411 598 778 1131
8 795 600 1163 1129
8 32 1148 287 1662
8 307 1144 578 1662
