1 54 182 272 516
1 308 140 396 524
7 314 194 356 280
7 542 288 658 434
1 428 232 772 568
1 962 302 1110 412
7 972 312 1020 354
7 400 782 440 854
7 814 726 840 752
7 964 734 982 754
7 1108 668 1162 770
7 974 1344 986 1366
7 646 1260 738 1362
7 518 1308 598 1386
7 110 1342 162 1404
7 212 1378 244 1426
7 336 1384 358 1402
1 782 710 874 1016
1 928 720 1020 1020
1 58 746 486 1122
1 48 1320 272 1648
1 290 1366 394 1646
1 430 1312 708 1646
1 636 1212 780 1654
1 892 1290 1040 1594
8 418 1141 785 1658
8 802 1140 1166 1658
8 37 1139 404 1658
8 35 595 611 1121
8 629 594 1167 1122
8 801 42 1166 578
8 419 42 784 577
8 35 24 415 578
