1 72 218 148 334
1 256 200 352 324
1 906 290 976 520
1 890 244 972 358
1 140 896 328 1112
1 244 908 398 1114
1 72 1378 202 1646
1 70 1290 186 1628
1 598 1286 826 1642
1 910 1332 1140 1654
6 900 818 968 956
6 954 804 1016 916
6 582 340 630 418
6 544 378 606 448
7 82 238 130 288
7 302 242 340 284
7 88 1410 136 1450
7 982 1394 1016 1458
7 708 1336 760 1384
8 30 1132 399 1654
8 417 589 781 1117
8 33 587 399 1116
8 796 43 1164 574
8 413 43 781 574
8 35 43 400 576
8 800 583 1165 1037
8 411 1052 1167 1652
