6 162 494 192 544
6 180 492 208 544
1 524 260 638 578
1 618 210 776 578
1 854 132 938 324
1 916 146 980 298
1 590 834 726 1124
1 84 738 198 930
1 48 790 332 1116
1 444 786 612 1002
1 490 740 602 868
1 924 650 1128 986
1 880 678 1124 1086
1 808 828 968 1126
1 34 1316 270 1658
1 116 1406 362 1652
1 258 1384 398 1650
1 450 1194 658 1556
1 638 1242 760 1590
1 454 1550 786 1658
6 824 1382 892 1580
6 838 1522 920 1610
7 876 152 902 176
7 932 152 956 176
7 92 746 122 772
7 556 750 592 786
7 920 854 962 900
7 992 692 1048 742
7 166 1356 210 1406
7 502 1208 540 1244
8 805 1141 1174 1660
8 425 1141 788 1660
8 33 1139 406 1660
8 806 595 1175 1126
8 425 594 789 1124
8 32 593 404 1127
8 806 38 1172 577
8 32 38 404 573
8 425 37 788 575
