1 96 360 402 568
1 422 238 564 576
1 496 286 622 462
1 660 340 780 566
1 864 308 1154 574
1 958 194 1166 576
1 1046 178 1168 332
1 38 794 304 1116
1 278 878 378 1002
1 636 648 740 790
1 830 714 1092 1088
1 54 1392 168 1578
1 34 1520 398 1648
1 422 1264 766 1654
1 536 1572 772 1652
1 800 1262 1086 1648
1 880 1418 1098 1650
7 234 458 288 516
7 482 286 542 356
7 564 360 606 412
7 662 376 758 472
7 968 214 1018 276
7 1056 200 1110 236
7 168 856 256 962
7 310 898 346 934
7 1040 742 1082 788
7 520 1366 650 1522
7 964 1298 1052 1396
7 958 1470 1034 1530
6 536 430 598 534
6 566 438 648 570
8 419 1138 783 1659
8 34 1138 400 1657
8 802 1137 1171 1658
8 421 592 785 1121
8 803 591 1169 1121
8 33 591 402 1120
8 34 41 404 573
8 425 41 782 568
8 802 37 1163 574
