1 74 276 270 572
1 260 260 420 580
1 310 104 420 278
1 900 342 1034 580
1 46 786 146 1098
1 56 802 158 1086
1 222 806 370 1104
1 296 874 412 1116
1 572 766 664 1056
1 492 828 644 1064
1 654 884 758 1062
1 564 1036 768 1118
1 996 896 1118 1104
1 1094 896 1168 1108
1 1048 838 1132 1068
1 994 674 1070 882
1 1038 646 1092 802
1 222 1222 368 1632
1 32 1356 192 1614
1 350 1270 408 1362
1 502 1260 828 1618
1 712 1196 940 1624
5 854 1260 1046 1660
6 814 448 882 574
6 564 372 680 516
6 1088 644 1158 780
7 332 120 398 184
7 126 320 180 364
7 62 818 100 856
7 604 776 646 816
7 106 1368 136 1408
7 284 1234 320 1286
7 362 1300 394 1334
7 802 1220 858 1282
8 438 1145 1169 1669
8 28 1144 422 1667
8 803 599 1170 1126
8 443 597 780 1124
8 28 595 422 1124
8 442 37 779 579
8 801 36 1169 581
8 29 19 423 579
