7 880 136 1002 292
7 982 1322 1060 1400
7 878 1342 918 1394
7 438 1288 470 1338
7 380 1398 420 1458
7 646 1418 684 1472
7 92 1258 130 1310
7 242 1446 276 1490
1 808 94 1118 490
1 688 150 776 298
1 112 150 254 266
1 660 690 830 846
1 38 1216 218 1646
1 184 1402 322 1648
1 366 1268 540 1424
1 346 1386 516 1602
1 576 1384 764 1604
1 816 1318 962 1522
1 968 1266 1164 1524
8 800 1142 1171 1657
8 348 1142 784 1658
8 33 1142 330 1656
8 33 599 456 1117
8 803 44 1168 576
8 34 43 428 576
8 447 43 785 574
8 470 600 1165 1114
