1 38 232 246 520
1 106 376 290 576
1 508 200 584 354
1 438 220 640 334
1 798 264 954 598
1 882 344 984 542
1 970 368 1072 512
1 860 288 1164 574
1 34 748 190 1124
1 180 766 296 1124
1 250 704 354 902
1 210 776 392 1118
1 410 820 590 1116
1 488 772 780 1114
1 802 622 922 1128
1 884 654 1000 890
1 1020 824 1110 1028
1 972 1266 1048 1344
1 1064 1264 1160 1346
7 210 412 284 472
7 564 204 590 234
7 918 378 982 448
7 1038 346 1108 404
7 992 366 1030 394
7 878 320 936 402
7 110 764 160 832
7 270 742 318 786
7 486 882 582 1042
7 614 886 732 992
7 914 688 962 734
7 1078 840 1096 872
7 980 1286 1010 1322
7 1088 1290 1122 1314
8 682 1142 1168 1660
8 414 1142 664 1659
8 28 1141 407 1660
8 796 595 1168 1126
8 413 594 785 1125
8 29 593 397 1128
8 797 46 1168 580
8 26 43 399 579
8 413 42 786 579
