1 68 234 232 546
1 238 420 368 564
6 232 282 266 326
6 284 286 320 324
6 254 320 284 354
1 418 214 560 440
1 482 338 640 522
1 596 296 774 524
1 804 298 958 570
1 976 312 1128 556
1 78 650 386 1082
1 356 762 600 1064
1 322 962 526 1124
1 208 924 294 1024
1 638 792 916 1018
1 886 682 1084 910
1 54 1212 312 1544
1 174 1362 320 1544
1 424 1414 516 1592
1 482 1216 662 1608
1 602 1360 740 1598
1 806 1328 1072 1596
1 1032 1382 1158 1594
7 490 300 558 394
7 558 366 606 416
7 692 320 732 398
7 946 726 988 754
7 832 1396 932 1496
7 1060 1420 1118 1500
7 522 1262 564 1292
7 674 1374 704 1404
7 442 1430 470 1456
7 122 1264 154 1306
8 31 596 603 1121
8 618 593 1170 1119
8 36 46 411 578
8 421 47 782 576
8 797 45 1165 574
8 35 1140 402 1649
8 419 1137 782 1650
8 797 1135 1163 1645
