1 290 284 580 574
1 610 270 796 422
1 602 158 914 558
1 52 690 250 1012
1 588 810 778 1118
1 1036 732 1150 1022
1 922 750 1032 1070
1 36 1306 250 1656
1 334 1358 578 1652
1 622 1386 782 1534
1 970 1452 1090 1604
1 768 1326 876 1622
1 850 1288 928 1574
1 488 906 558 1094
1 426 900 460 1050
1 452 894 502 1066
7 1004 1504 1080 1582
7 402 1412 496 1544
7 674 1396 700 1430
7 854 1314 878 1342
7 118 1384 220 1504
7 292 1404 328 1444
7 368 1406 394 1446
7 242 1396 276 1422
7 520 906 536 932
7 624 842 668 870
7 748 318 800 352
7 412 322 454 382
8 798 595 1170 1127
8 418 595 786 1125
8 33 594 402 1126
8 598 41 1170 577
8 34 41 588 576
8 28 1142 587 1662
8 604 1144 1173 1662
