1 38 222 462 538
1 108 68 332 576
1 552 156 716 382
1 510 214 780 528
1 424 422 734 568
1 810 230 1028 568
1 1002 256 1168 578
1 102 640 284 1116
1 36 844 396 1118
1 448 984 646 1316
1 508 800 676 1076
1 640 762 808 1222
1 32 1298 398 1658
1 88 1268 208 1400
7 188 182 240 234
7 582 184 640 224
7 876 242 940 316
7 1066 282 1132 336
7 168 718 216 774
7 548 822 600 874
7 668 800 700 848
7 550 1008 606 1078
7 114 1292 186 1384
7 254 1396 350 1522
8 418 1332 780 1664
8 802 1141 1171 1664
8 26 1139 399 1665
8 800 37 1172 576
8 32 32 392 572
8 419 35 783 572
8 30 593 402 1120
8 415 591 783 1316
8 800 587 1169 1125
