1 46 296 304 578
1 194 334 398 570
1 832 370 978 572
1 950 336 1164 576
1 168 838 304 1052
1 270 888 346 1108
1 416 748 782 1114
1 426 838 776 1118
1 850 706 1018 1116
1 972 734 1144 1116
1 36 1338 216 1644
1 170 1426 368 1656
1 428 1212 656 1534
1 618 1412 784 1522
1 804 1514 1040 1644
1 872 1274 1056 1516
1 964 1266 1102 1582
7 94 374 208 450
7 248 404 344 502
7 864 406 940 456
7 614 882 736 1064
7 962 724 1002 762
7 1038 754 1082 790
7 88 1396 198 1486
8 802 590 1166 1123
8 804 42 1168 578
8 35 39 398 572
8 417 43 785 572
8 34 593 398 1122
8 411 593 783 1123
8 34 1139 398 1654
8 421 1137 782 1652
8 800 1133 1169 1652
