1 72 190 352 580
1 222 124 398 578
1 418 236 656 486
1 608 180 774 452
1 880 310 988 516
1 938 368 1046 580
1 132 666 246 968
1 196 694 392 946
1 576 684 684 1020
1 574 644 772 926
1 886 916 1058 1116
1 872 768 1162 1126
1 192 1266 294 1504
1 240 1392 362 1648
1 852 1390 1158 1656
1 956 1328 1152 1604
6 842 86 936 170
6 822 1428 916 1534
7 156 218 214 284
7 236 172 290 226
7 518 292 604 416
7 626 292 738 406
7 984 382 1028 422
7 604 708 646 754
7 646 674 682 716
7 298 1422 332 1462
6 606 1444 650 1546
8 419 1143 782 1658
8 799 1142 1164 1660
8 36 1141 398 1659
8 795 672 1167 1124
8 419 593 786 1123
8 36 591 398 1123
8 797 43 1166 655
8 36 43 396 576
8 416 25 777 578
