1 114 258 270 486
1 176 296 362 582
1 458 180 544 392
1 526 226 664 524
1 802 328 1100 524
1 56 792 420 1006
1 458 808 788 1124
1 860 868 1174 1126
1 958 704 1102 896
1 798 650 964 938
1 830 666 958 960
1 72 1248 148 1380
1 114 1254 178 1380
1 162 1252 224 1390
1 292 1264 400 1550
1 152 1324 298 1596
1 672 1286 716 1420
1 596 1238 670 1466
1 552 1244 614 1330
5 640 258 702 406
5 876 100 1166 456
5 130 658 422 1050
5 498 648 780 794
5 40 1532 306 1642
5 544 1388 742 1570
5 972 1450 1092 1600
7 82 874 136 922
7 962 702 1000 748
7 906 686 942 732
7 850 678 886 714
7 312 1290 358 1342
7 234 1352 282 1404
7 568 1276 600 1306
7 618 1260 646 1292
7 680 1298 706 1330
7 998 952 1070 994
8 440 1143 1169 1661
8 28 1143 421 1661
8 441 600 784 1126
8 802 599 1172 1127
8 27 599 424 1126
8 441 39 786 578
8 27 39 422 579
8 803 38 1169 586
