5 158 406 368 542
5 424 302 728 538
5 972 342 1128 574
5 66 866 352 1120
5 838 798 1006 910
5 466 892 686 1116
5 442 1228 700 1592
5 856 1252 988 1460
1 88 266 178 474
1 170 306 240 468
1 504 108 666 382
1 560 250 736 572
1 1048 230 1150 580
1 954 198 1048 302
1 138 690 244 930
1 212 744 358 1090
1 522 612 596 890
1 544 860 658 1130
1 846 814 958 1036
1 86 1256 380 1630
1 186 1398 424 1608
1 610 1260 706 1440
1 672 1298 782 1540
1 814 1152 898 1380
1 988 1218 1170 1626
7 526 158 592 214
7 652 262 686 326
7 992 210 1018 244
7 1052 256 1080 296
7 224 770 278 818
7 174 720 200 740
7 922 818 952 850
7 314 1284 358 1336
7 634 1274 672 1296
7 846 1170 876 1200
7 998 1262 1052 1314
8 443 1144 784 1665
8 24 1137 425 1666
8 803 595 1171 1121
8 443 595 783 1125
8 30 593 425 1127
8 804 36 1171 577
8 428 36 783 576
8 27 35 426 575
8 802 1144 1171 1664
