1 198 128 412 534
1 902 236 1098 446
7 894 782 1078 980
7 312 734 366 792
7 264 150 316 194
5 186 436 502 576
5 520 196 802 574
5 32 1246 348 1612
5 966 1232 1174 1652
1 170 720 424 1124
1 588 692 762 946
1 814 692 1188 1128
1 428 1214 756 1608
1 952 1180 1170 1660
1 32 680 276 1090
7 1008 254 1066 310
7 706 700 742 748
7 434 1258 558 1342
7 1040 1204 1102 1272
8 799 1143 1169 1666
8 29 1137 788 1664
8 443 596 786 1124
8 801 595 1174 1132
8 30 595 427 1127
8 819 17 1173 580
8 30 34 555 576
8 568 39 812 576
