1 36 132 196 576
1 138 208 432 572
1 268 216 402 566
1 440 262 622 576
1 620 406 766 534
1 656 274 768 496
1 798 278 960 578
1 1016 204 1160 576
1 38 812 218 1134
1 148 952 398 1116
1 196 870 306 1032
1 308 898 402 1040
1 420 884 628 1114
1 480 822 616 1044
1 588 748 772 1116
1 128 1270 294 1512
1 118 1204 398 1554
1 436 1270 730 1640
1 764 1156 1128 1640
1 784 1320 1118 1638
7 138 156 196 254
7 206 234 280 314
7 314 220 516 268
7 724 278 750 308
7 654 408 694 442
7 1044 234 1090 278
7 242 872 278 910
7 344 916 386 956
7 248 964 338 1036
7 608 846 736 960
7 502 834 592 912
7 432 888 518 1008
7 186 1284 240 1332
7 536 1338 638 1436
6 994 910 1106 1030
6 850 780 896 852
6 916 724 966 822
6 960 728 1016 842
8 38 1133 403 1650
8 795 595 1161 1119
8 795 45 1161 578
8 35 47 406 570
8 419 45 778 576
8 34 591 402 1116
8 417 593 776 1118
8 423 1131 782 1645
8 793 1131 1161 1650
