7 156 190 202 236
7 896 302 938 340
7 1028 216 1076 272
7 828 612 854 658
7 334 856 354 868
7 154 702 182 742
7 502 1220 544 1250
7 602 1274 626 1300
7 946 1454 1082 1574
7 1020 1204 1044 1228
1 984 188 1146 564
1 804 270 1008 572
1 66 168 248 490
1 74 668 184 832
1 308 856 364 992
1 348 920 408 1044
1 664 596 874 950
1 802 926 898 1098
1 878 900 982 1102
1 800 1200 978 1418
1 970 1186 1130 1386
1 538 1224 762 1568
1 444 1202 578 1568
1 64 1138 430 1560
6 640 386 672 454
6 682 390 710 430
8 800 1145 1168 1656
8 31 597 420 1123
8 792 41 1169 579
8 31 40 421 577
8 438 41 776 576
8 440 598 1165 1118
8 440 1140 780 1654
8 30 1146 419 1652
1 808 1358 1152 1650
