1 96 172 340 508
1 926 286 998 420
1 996 294 1128 486
1 906 756 1142 1118
1 422 796 780 1116
7 434 130 786 520
7 146 178 294 362
7 48 924 144 1032
7 510 804 662 966
7 1004 764 1054 826
7 964 290 998 336
7 1042 300 1084 338
1 262 1422 396 1652
1 796 1322 968 1654
6 976 1434 1098 1582
6 486 1506 562 1606
5 570 1378 772 1588
7 264 1470 316 1576
7 928 1378 990 1486
8 420 1133 784 1659
8 31 1133 402 1662
8 801 1132 1171 1662
8 803 39 1171 574
8 30 39 407 571
8 424 38 785 570
8 34 587 404 1118
8 800 587 1174 1116
8 423 589 785 1122
1 442 136 787 508
