1 180 122 366 356
1 128 296 552 600
1 580 280 720 578
1 670 166 946 402
1 666 280 1046 574
1 950 148 1166 570
1 44 574 368 1142
1 208 854 656 1418
1 378 648 834 1152
1 654 862 780 1120
1 804 684 1150 1114
1 840 858 1162 1114
1 34 1360 178 1660
1 186 1402 422 1654
1 416 1346 720 1556
1 632 1378 920 1646
1 796 1222 1160 1648
1 974 1312 1160 1648
7 236 148 280 206
7 586 362 714 526
7 728 184 784 258
7 786 350 964 542
7 998 212 1118 352
7 54 614 132 684
7 414 684 488 750
7 302 898 398 996
7 680 866 724 922
7 912 724 984 806
7 106 1388 144 1434
7 1066 1342 1158 1464
7 1014 1278 1064 1374
8 35 37 566 572
8 579 43 1167 568
8 39 596 785 1120
8 800 591 1167 1120
8 34 1139 402 1654
8 411 1135 785 1650
8 799 1135 1163 1645
