1 212 302 396 558
1 412 156 620 452
1 956 166 1164 482
1 976 390 1120 564
1 84 858 390 1120
1 462 680 714 864
1 844 772 1140 1096
1 980 1238 1098 1630
1 530 1202 716 1634
1 178 1212 424 1648
5 154 676 426 952
5 880 608 1156 938
5 470 836 716 1036
5 838 122 946 354
5 34 1144 294 1504
5 454 1146 572 1438
5 888 1414 986 1608
1 868 1214 996 1332
7 1020 408 1074 448
7 416 172 464 236
7 250 318 304 384
7 154 896 210 956
7 272 1266 384 1488
7 586 1214 644 1282
7 1004 1260 1064 1318
7 860 938 900 990
7 996 192 1040 228
8 448 1143 839 1656
8 861 1142 1168 1657
8 34 1141 427 1655
8 806 601 1168 1125
8 448 601 786 1125
8 35 600 428 1123
8 805 42 1168 579
8 35 41 786 577
7 519 706 557 746
