1 160 174 260 336
1 250 276 350 474
1 424 74 606 264
1 544 200 738 424
1 846 134 1152 526
1 808 106 1024 264
1 40 834 286 1118
1 40 1430 180 1652
1 112 1410 322 1650
1 216 1386 370 1646
1 502 1136 714 1466
1 640 1366 840 1654
1 434 1412 556 1654
1 542 1408 698 1564
1 486 1510 652 1654
1 654 1516 840 1654
7 508 108 538 152
7 596 236 654 282
7 878 190 942 250
7 966 134 1010 190
7 664 856 700 922
7 930 1444 1044 1562
6 88 1246 216 1408
6 308 898 370 1002
8 415 1141 1166 1659
8 34 1141 398 1659
8 796 599 1163 1127
8 416 597 778 1124
8 31 596 397 1125
8 31 41 400 580
8 795 40 1164 580
8 417 40 778 579
1 861 1354 1110 1603
