1 98 202 302 400
1 232 84 380 390
1 836 236 1014 392
1 978 210 1152 362
1 38 746 252 1026
1 262 922 370 1030
1 404 704 706 1062
1 540 696 800 1070
1 704 700 806 900
1 838 524 1160 972
1 36 1146 320 1502
1 86 1226 536 1600
1 602 1362 860 1644
1 800 1180 1150 1650
7 856 280 918 338
7 1024 242 1088 294
7 300 150 338 190
7 212 818 248 860
7 604 716 654 764
6 628 146 684 216
6 684 134 734 200
8 599 1143 1164 1655
8 26 1142 576 1656
8 804 41 1163 579
8 831 600 1163 1122
8 432 600 814 1114
8 30 598 409 1118
8 32 39 428 576
8 445 39 782 574
7 946 1405 1010 1520
