1 84 360 150 480
1 172 396 228 510
1 424 246 580 564
1 556 328 784 576
1 1004 180 1166 466
1 880 304 956 474
1 830 388 904 472
1 104 682 360 1090
1 920 634 1158 936
1 550 1298 622 1524
1 168 1338 252 1510
1 920 1440 1010 1566
5 810 1258 1064 1348
5 1000 1348 1114 1402
5 656 1368 740 1542
5 268 1438 356 1528
7 1016 190 1054 234
7 648 366 722 434
7 496 298 564 378
7 960 672 1052 764
8 18 1139 400 1658
8 409 1138 784 1657
8 800 1135 1171 1655
8 25 594 608 1120
8 622 592 1167 1120
8 26 20 401 575
8 417 37 782 576
8 806 34 1169 574
