1 60 112 352 570
1 406 82 606 350
1 304 140 772 576
1 818 242 928 484
1 892 226 1164 602
1 52 714 402 1580
1 424 716 646 1058
1 628 788 744 888
1 806 780 992 1128
1 964 724 1168 1126
1 430 1288 690 1672
1 568 1374 782 1648
1 826 1190 1160 1658
7 186 188 256 256
7 410 174 576 346
7 340 412 480 512
7 850 244 884 294
7 170 742 252 834
7 566 738 610 780
7 672 792 718 830
7 862 786 946 892
7 978 820 1112 1034
7 552 1308 604 1350
7 634 1450 758 1602
1 40 380 266 572
8 32 588 408 1657
8 32 41 404 572
8 417 37 780 572
8 791 39 1169 574
8 415 591 778 1123
8 791 587 1169 1123
8 797 1139 1159 1652
8 413 1137 783 1654
