1 152 148 334 380
1 318 94 396 198
1 476 370 738 576
1 602 92 732 460
1 834 64 1022 426
1 870 270 1042 574
1 114 708 326 1118
1 100 762 376 1026
1 438 764 702 1118
1 622 682 776 1074
1 812 684 902 996
1 882 672 976 884
1 850 786 982 1094
1 938 906 1090 1098
1 1028 836 1158 1114
1 40 1220 260 1594
1 46 1452 288 1650
1 132 1308 390 1642
1 416 1300 542 1646
1 542 1352 748 1646
1 632 1216 900 1642
7 604 416 678 490
7 930 286 974 336
7 940 242 984 284
7 90 1296 154 1362
7 256 1400 340 1460
7 466 1370 524 1446
7 636 1376 696 1456
7 678 1246 724 1302
7 984 1502 1070 1584
8 407 1135 1164 1655
8 34 1134 398 1654
8 798 593 1164 1121
8 419 593 781 1121
8 34 593 400 1121
8 801 45 1165 576
8 37 44 403 578
8 421 26 783 576
1 950 1428 1106 1592
