1 110 104 280 320
1 574 176 778 576
1 880 186 1086 450
1 698 674 1044 892
1 608 640 1040 954
1 36 608 360 1068
1 24 1184 366 1620
1 96 1318 414 1652
1 436 1144 704 1638
1 600 1262 764 1448
1 796 1306 1048 1610
1 832 1160 1140 1550
7 994 208 1046 252
7 612 196 668 254
7 232 124 262 158
7 636 822 682 872
7 708 698 750 754
7 108 1202 176 1284
7 228 1384 296 1444
7 960 1240 992 1272
8 24 1146 434 1662
8 439 602 1165 1121
8 802 43 1166 579
8 414 42 782 578
8 22 39 389 579
8 22 604 421 1122
8 440 1148 782 1660
8 797 1146 1167 1656
