1 136 1394 398 1650
1 182 1266 344 1652
1 448 1202 570 1424
1 548 1318 648 1598
1 834 766 1128 1104
6 902 1260 962 1384
6 952 1260 1008 1384
1 36 138 328 562
1 204 228 372 520
1 48 716 392 1118
1 960 686 1128 858
1 510 716 764 1070
1 440 888 664 1016
1 500 282 604 392
1 450 250 522 346
6 642 398 762 550
7 118 764 200 886
7 290 268 320 298
7 192 1420 220 1456
8 800 1141 1167 1662
8 416 1140 782 1662
8 29 1140 396 1663
8 801 592 1168 1122
8 414 591 783 1122
8 29 591 396 1123
8 797 38 1168 575
8 416 38 781 574
8 30 38 396 573
