1 38 276 262 574
1 208 240 400 574
1 418 64 904 598
1 796 176 1096 506
1 232 818 402 1042
1 394 686 716 1060
1 126 1450 292 1642
1 218 1320 396 1652
1 424 1286 622 1650
1 582 1334 674 1512
1 650 1352 774 1654
1 708 1322 778 1400
1 794 1334 912 1646
1 900 1338 1170 1652
1 982 1180 1170 1358
7 114 306 188 416
7 226 320 300 434
7 266 1428 360 1570
7 174 1466 246 1540
7 1026 1368 1106 1432
7 1084 1200 1166 1300
7 974 982 1140 1164
7 802 622 1030 812
6 44 1420 112 1570
6 106 1402 156 1548
8 30 1135 397 1657
8 26 37 400 570
8 417 39 782 576
8 797 37 1165 576
8 30 595 396 1120
8 419 589 778 1110
8 795 587 1167 1120
8 421 1131 774 1650
8 800 1131 1161 1645
