1 54 118 398 566
1 480 214 646 470
1 802 292 872 484
1 868 228 1154 520
1 928 352 1162 600
1 38 792 230 1126
1 110 702 402 1124
1 612 900 812 1078
1 548 724 698 858
1 884 732 1172 854
1 46 1302 300 1664
1 230 1466 378 1652
1 496 1426 620 1654
1 558 1398 634 1644
1 610 1276 774 1648
1 894 1306 1160 1646
7 994 384 1074 474
7 928 252 958 322
7 834 304 870 344
7 190 778 294 916
7 64 840 154 948
7 620 1328 694 1418
7 210 1328 246 1378
8 799 1150 1164 1656
8 446 1150 779 1656
8 31 1149 427 1657
8 419 623 1164 1124
8 31 603 403 1126
8 28 45 425 578
8 417 47 797 617
8 797 45 1163 608
7 901 755 938 795
