1 473 228 574 354
1 578 243 671 354
1 709 260 802 346
1 808 249 901 352
1 641 277 697 337
1 920 225 972 314
1 974 230 1026 311
1 249 456 350 645
1 305 522 419 686
1 585 479 664 673
1 671 466 740 671
1 871 499 957 645
1 946 479 1034 598
1 1054 488 1146 643
1 249 714 352 845
1 279 854 460 953
1 632 761 811 935
1 266 1288 466 1488
5 836 798 927 953
5 933 864 980 957
5 1011 802 1140 922
5 1097 873 1159 957
5 135 1082 232 1232
5 221 1135 294 1228
5 311 1082 404 1226
5 413 1135 464 1228
5 488 1069 561 1206
5 572 1157 626 1217
5 660 1079 735 1213
5 763 1120 808 1211
5 933 976 1023 1086
5 1030 1015 1071 1090
1 935 1107 1075 1159
1 953 1135 1165 1228
1 486 1310 688 1426
1 626 1363 783 1501
1 832 1361 959 1469
1 1004 1303 1135 1492
1 185 1559 286 1686
1 509 1548 585 1686
1 598 1553 649 1686
1 649 1553 705 1690
1 750 1557 858 1695
1 931 1535 1030 1693
1 1011 1546 1107 1693
5 301 1589 406 1690
1 23 225 66 430
1 23 486 68 641
1 23 675 70 879
1 27 914 70 1084
1 25 1118 70 1264
1 23 1303 73 1404
1 27 1447 70 1579
1 1217 221 1267 428
1 1221 473 1269 636
1 1224 671 1269 873
1 1228 909 1273 1077
1 1228 1118 1273 1262
1 1226 1292 1271 1406
1 1228 1439 1262 1596
8 128 1247 471 1512
8 479 1246 821 1511
8 829 1245 1174 1509
8 126 974 295 1238
8 477 973 645 1237
8 302 973 470 1237
8 652 971 820 1236
8 827 970 1173 1236
8 127 697 472 965
8 829 695 1000 962
8 479 695 822 961
8 1006 694 1176 959
8 477 421 821 687
8 124 421 470 689
8 829 420 1174 686
8 1218 178 1276 1651
8 466 138 1036 361
8 121 138 307 360
8 120 1537 1181 1698
8 22 177 78 1650
