1 43 186 192 398
1 164 180 323 404
1 345 152 479 314
1 476 168 578 304
1 591 177 687 314
1 709 124 805 382
1 827 93 917 398
1 896 118 964 404
1 942 96 1036 404
1 1060 171 1194 392
1 1179 140 1244 385
1 1163 186 1303 395
1 1284 146 1372 404
1 31 569 146 787
1 155 541 276 790
1 364 606 510 808
1 416 616 609 793
1 718 510 889 718
1 790 491 1042 706
1 1092 532 1256 681
1 1141 463 1359 672
1 31 948 196 1129
1 208 970 298 1113
1 202 899 298 970
1 370 889 494 1054
5 448 955 612 1110
5 721 927 1004 1132
5 1039 1020 1132 1107
5 31 1468 102 1530
5 457 1403 684 1540
1 1141 871 1266 1107
1 1244 892 1372 1120
1 115 1316 217 1524
1 208 1337 348 1518
1 376 1297 544 1533
1 712 1331 777 1527
1 793 1309 899 1527
1 917 1325 1023 1515
5 818 1372 958 1521
1 1057 1340 1172 1521
1 1176 1334 1300 1515
1 1316 1368 1381 1505
5 1207 1384 1362 1508
1 31 1767 183 1941
1 189 1701 332 1941
1 376 1745 522 1963
1 532 1742 668 1960
1 759 1726 917 1956
1 899 1729 1048 1950
1 1079 1704 1253 1928
1 1235 1723 1375 1928
1 46 2171 202 2333
1 136 2146 320 2333
1 351 2159 488 2361
1 494 2152 703 2367
1 712 2187 967 2429
1 992 2159 1263 2370
1 1185 2137 1353 2370
7 780 2196 883 2308
8 983 2088 1393 2443
8 22 2088 339 2437
8 705 2087 980 2440
8 344 2087 698 2436
8 21 1686 354 2038
8 360 1681 697 2034
8 709 1677 1051 2030
8 1056 1670 1387 2026
8 21 1269 365 1625
8 368 1263 697 1618
8 707 1259 1046 1612
8 1051 1254 1387 1609
8 21 860 342 1216
8 348 855 698 1210
8 1038 849 1391 1205
8 21 450 359 802
8 712 448 1052 800
8 711 60 1060 408
8 22 63 340 409
8 342 55 696 412
8 1059 55 1391 403
8 1053 448 1393 796
8 367 445 699 802
8 705 843 1039 1211
