1 21 214 71 424
1 19 480 69 632
1 19 673 73 875
1 19 909 69 1080
1 25 1109 71 1260
1 28 1297 75 1399
1 28 1436 75 1579
1 188 1566 305 1700
1 509 1551 600 1691
1 610 1559 660 1687
1 649 1551 717 1687
1 758 1555 872 1696
1 931 1546 1046 1698
1 1015 1561 1117 1700
1 1236 220 1282 420
1 1232 476 1282 630
1 1239 675 1280 875
1 1241 914 1291 1083
1 1241 1111 1284 1267
1 1239 1291 1288 1403
1 1236 1449 1284 1577
5 316 1594 428 1694
1 472 201 593 359
1 604 192 734 355
1 933 194 1100 355
1 1011 201 1139 353
1 227 480 296 682
1 294 446 363 656
1 513 511 654 649
1 725 489 816 669
1 844 524 1011 686
1 1087 500 1184 665
1 181 710 251 853
1 539 706 617 853
1 1111 701 1167 842
1 132 1080 186 1249
1 197 1080 333 1252
1 292 1093 431 1245
1 409 1093 480 1243
1 491 1091 554 1245
1 522 1148 647 1245
1 561 1057 665 1174
1 671 1098 743 1210
1 656 1145 769 1245
1 883 1061 974 1215
1 944 1059 1083 1221
1 1132 994 1184 1117
1 168 1304 305 1457
1 244 1323 422 1477
1 500 1308 632 1514
1 597 1319 734 1518
1 725 1360 786 1499
1 898 1340 985 1512
1 968 1304 1052 1514
1 1024 1345 1132 1516
8 487 1255 834 1523
8 130 1255 481 1526
8 841 1254 1190 1522
8 129 981 480 1248
8 487 979 833 1248
8 841 978 1190 1246
8 129 703 479 971
8 486 701 833 970
8 840 700 1189 967
8 485 426 831 694
8 840 425 1187 692
8 124 425 478 696
8 6 174 78 1656
8 1234 173 1295 1657
8 124 140 322 359
8 931 139 1186 360
8 469 139 741 361
8 132 1544 1189 1707
