1 166 172 270 415
1 267 157 314 411
1 292 147 440 405
1 367 166 421 399
1 415 154 478 411
1 487 251 588 408
1 588 207 695 415
1 720 217 927 411
1 899 191 1044 408
1 1059 251 1210 402
1 1201 198 1383 405
1 179 588 264 811
1 245 616 389 811
1 308 600 377 808
1 418 600 452 808
1 330 606 443 814
1 471 537 581 805
1 597 540 685 808
1 713 537 883 814
1 852 537 1025 808
1 1044 578 1229 811
1 1179 544 1327 808
1 81 1056 207 1239
1 207 1059 292 1245
1 443 996 619 1229
1 572 1003 695 1223
1 717 962 817 1154
1 786 1022 1044 1185
1 1056 981 1201 1160
1 1113 1012 1342 1217
5 207 1830 349 2006
1 56 1836 198 2056
1 364 1786 465 1968
1 512 1830 679 2041
1 707 1773 833 2022
1 748 1827 1003 2044
1 1085 1808 1239 2047
1 1188 1764 1283 2037
1 1258 1817 1383 2056
1 333 2214 430 2449
1 418 2242 493 2453
1 493 2236 606 2456
1 597 2286 685 2446
1 707 2226 798 2443
1 827 2239 921 2449
1 918 2195 1040 2446
1 1107 2144 1198 2305
1 1239 2163 1355 2280
8 337 2109 697 2461
8 708 2107 1054 2459
8 1056 2104 1389 2458
8 22 1711 356 2063
8 359 1706 699 2061
8 709 1703 1024 2058
8 1030 1699 1392 2057
8 22 893 298 1249
8 445 881 702 1239
8 710 877 1049 1233
8 1056 869 1391 1227
8 156 67 487 418
8 486 69 707 416
8 710 69 1045 413
8 1053 58 1397 413
8 1042 458 1392 810
8 710 469 1034 810
8 464 466 701 813
8 176 475 464 819
