1 17 217 66 425
1 17 473 68 623
1 15 660 68 866
1 19 903 70 1071
1 17 1110 60 1256
1 15 1288 60 1389
1 17 1434 60 1563
1 557 146 765 363
1 957 234 1148 354
1 1215 215 1264 419
1 1219 471 1271 630
1 1217 675 1264 866
1 1221 901 1264 1069
1 1224 1101 1256 1262
1 1221 1295 1256 1385
1 1217 1437 1256 1566
1 182 1557 288 1684
1 496 1544 582 1673
1 591 1542 634 1680
1 641 1531 697 1673
1 746 1548 841 1673
1 909 1533 996 1684
1 1004 1544 1088 1686
1 215 458 292 675
1 309 468 402 677
1 503 563 651 664
1 847 490 974 684
1 963 509 1133 677
1 148 776 281 953
1 249 763 296 942
1 292 755 359 922
1 348 755 460 950
1 509 783 582 955
1 527 806 681 955
1 707 798 819 959
1 838 789 1019 959
1 980 780 1168 957
1 141 1039 223 1228
1 260 1045 436 1230
1 475 1067 606 1232
1 604 1114 720 1234
1 699 1028 817 1232
1 832 1067 993 1232
1 931 1054 1032 1236
1 1036 1127 1161 1234
1 139 1305 303 1508
1 333 1297 462 1505
1 473 1329 520 1499
1 613 1316 656 1374
1 701 1327 811 1505
1 828 1288 946 1497
1 961 1331 1071 1486
1 1058 1355 1163 1482
5 301 1581 406 1682
8 823 1243 1166 1509
8 471 1243 819 1510
8 120 1243 463 1510
8 825 969 1167 1237
8 471 969 816 1235
8 120 969 463 1235
8 826 694 1168 960
8 472 694 818 959
8 120 694 465 961
8 826 420 1170 689
8 473 420 818 686
8 120 419 465 685
8 1216 173 1274 1645
8 955 137 1169 360
8 543 136 769 360
8 114 135 368 358
8 120 1533 1166 1690
8 13 170 65 1644
