1 330 151 467 436
1 130 127 215 222
1 163 593 239 710
1 354 557 549 864
1 560 590 609 672
1 149 1034 200 1104
1 242 893 329 1042
1 426 973 811 1228
1 808 1034 960 1212
1 619 170 712 275
5 45 152 327 378
5 628 256 718 371
5 51 645 228 746
5 565 678 626 762
5 239 1036 348 1257
5 132 1102 207 1170
6 705 663 751 738
6 768 669 812 734
7 371 190 406 244
7 165 152 211 193
7 280 908 316 945
7 165 1044 189 1071
8 407 880 967 1302
8 35 880 399 1300
8 646 453 967 868
8 347 450 634 871
8 35 448 336 868
8 482 24 967 441
8 36 24 472 441
5 852 709 916 742
5 914 721 955 743
