6 214 181 236 217
6 234 189 261 222
1 768 143 951 425
1 269 181 381 323
1 538 183 608 323
1 328 444 403 563
1 34 488 228 859
1 137 586 389 859
1 514 602 591 690
1 580 585 669 747
1 39 949 242 1289
1 308 984 491 1284
1 244 1164 331 1268
5 621 195 805 424
5 206 220 272 347
5 179 311 456 422
5 355 502 458 638
5 696 478 910 829
6 749 1024 837 1173
6 666 1046 771 1146
6 624 1001 719 1151
7 547 200 580 242
7 159 1084 226 1203
7 308 1071 381 1192
8 504 876 970 1293
8 32 875 496 1291
8 477 446 963 870
8 28 446 468 864
8 622 23 960 435
8 25 23 612 434
