5 43 109 595 426
5 674 177 908 432
1 25 29 506 439
1 36 484 194 864
1 183 600 318 860
1 326 621 415 835
1 354 751 657 860
1 657 719 780 857
1 729 501 959 834
1 32 937 161 1122
1 45 1102 332 1284
1 181 936 337 1265
1 349 945 467 1088
1 428 1049 741 1289
1 787 986 967 1287
1 583 881 947 1290
7 381 81 435 155
7 252 616 286 653
7 351 644 384 669
7 679 757 738 829
7 796 575 873 627
7 807 1077 895 1194
7 646 967 744 1035
7 473 1091 573 1202
7 368 1013 445 1086
7 241 987 321 1033
7 67 981 125 1044
8 32 876 340 1297
8 351 873 968 1295
8 30 450 652 864
8 663 446 964 863
8 28 17 585 440
8 595 13 958 437
