1 34 702 153 863
7 66 718 129 775
6 564 321 582 397
6 588 319 607 397
6 613 287 653 398
1 161 678 280 868
1 276 556 452 870
1 457 601 542 841
1 637 601 788 795
1 792 617 958 867
1 634 746 721 870
1 727 735 833 870
1 26 1004 200 1299
1 196 1164 257 1297
1 335 901 482 1080
1 503 1128 556 1229
1 628 1033 704 1254
1 661 1020 816 1307
1 780 1012 954 1308
7 188 697 238 756
7 479 636 509 658
7 669 669 719 704
7 644 770 688 827
7 735 764 781 816
7 810 707 911 792
7 49 1071 148 1148
7 205 1188 250 1232
7 375 928 420 969
7 678 1055 707 1083
7 786 1041 833 1085
8 333 888 958 1312
8 24 884 318 1304
8 635 463 961 879
8 25 457 620 876
8 315 27 957 448
8 27 26 301 446
