1 200 137 334 437
1 57 45 225 408
1 482 118 713 434
1 730 222 950 429
1 65 548 336 858
1 352 641 468 852
1 523 571 800 856
1 755 640 933 852
1 99 1021 250 1291
1 487 967 662 1285
1 739 984 961 1291
6 302 1038 380 1165
6 384 1046 459 1180
7 757 295 831 375
7 646 210 694 338
7 191 579 238 641
7 375 669 411 713
7 716 599 747 654
7 799 669 827 707
7 839 1048 880 1129
7 662 1012 704 1087
7 151 1065 197 1109
8 41 873 476 1303
8 484 868 980 1301
8 35 450 469 863
8 479 446 974 862
8 32 21 471 440
8 484 17 967 438
