7 871 73 908 114
7 544 186 575 232
7 393 167 429 216
7 76 628 127 699
7 296 602 340 679
7 481 633 550 715
7 619 679 671 757
7 483 1019 515 1074
7 735 1028 768 1088
7 835 940 865 997
7 876 928 909 995
1 837 42 942 202
1 860 161 951 290
1 616 181 853 410
1 443 122 622 286
1 343 205 544 407
1 34 584 131 735
1 127 584 304 859
1 423 586 630 853
1 617 627 788 860
1 363 970 584 1292
1 611 1093 807 1290
1 608 959 846 1193
1 798 918 868 1111
1 867 893 961 1281
8 340 882 972 1304
8 33 879 331 1301
8 32 450 963 870
8 30 24 328 438
8 342 21 959 438
