6 597 1001 652 1088
6 557 1057 600 1176
6 645 954 710 1064
5 37 932 316 1277
5 745 719 817 782
5 337 456 516 548
1 31 42 146 441
1 160 248 241 390
1 229 166 324 390
1 600 26 746 439
1 726 22 883 441
1 864 133 951 441
1 61 573 318 869
1 431 589 526 776
1 545 513 710 759
1 578 1080 737 1293
1 727 1016 916 1293
7 200 255 223 280
7 286 185 300 204
7 493 609 508 639
7 667 527 691 560
6 493 354 586 411
6 461 340 504 370
6 417 356 496 404
6 400 341 445 373
6 346 346 415 412
8 337 882 964 1301
8 26 881 324 1296
8 24 453 961 869
8 23 20 326 440
8 338 17 959 439
