1 41 90 121 319
1 104 221 151 308
1 58 259 273 444
1 319 245 492 446
1 305 83 485 283
1 531 142 712 447
1 582 99 870 446
1 50 465 125 587
1 44 501 237 868
1 191 613 322 721
1 280 462 683 704
1 431 669 958 875
1 637 460 876 713
1 870 465 965 740
1 41 1009 131 1226
1 64 1120 314 1310
1 183 1025 294 1164
1 291 1036 496 1297
1 511 976 734 1297
1 686 1003 965 1302
7 348 128 378 159
7 349 319 405 403
7 148 560 208 613
7 724 754 803 840
7 308 1052 340 1123
7 94 1033 121 1069
7 791 1041 832 1079
6 439 1106 477 1148
6 417 1047 496 1096
8 509 894 977 1311
8 38 891 496 1310
8 35 454 973 884
8 502 32 969 450
8 33 25 490 449
