7 752 234 825 330
7 185 641 256 712
7 77 716 155 818
6 116 116 180 176
1 122 298 210 402
1 220 339 267 447
6 235 117 276 220
6 322 207 341 273
6 418 319 526 446
1 674 139 947 449
1 45 663 152 866
1 198 149 248 282
1 251 216 290 344
1 284 177 320 254
1 333 234 385 391
1 466 166 551 304
1 498 542 612 718
1 634 542 740 691
1 770 473 851 660
1 47 1114 191 1296
1 61 963 306 1150
1 359 971 515 1139
1 440 1056 638 1194
1 682 1082 746 1166
7 91 1034 130 1068
8 345 892 961 1304
8 26 889 334 1305
8 347 463 959 885
8 31 462 335 880
8 653 28 956 454
8 31 27 643 452
7 550 1076 593 1134
7 464 1000 512 1067
