7 122 218 184 283
7 278 261 329 319
7 368 173 414 233
7 516 137 556 187
7 656 149 693 203
7 879 66 912 118
7 261 472 330 565
7 151 522 193 581
7 718 701 741 737
7 433 1005 455 1053
1 40 204 274 406
1 255 206 437 436
1 351 146 447 305
1 466 103 560 212
1 489 146 691 441
1 622 121 789 280
1 773 59 935 444
1 53 597 636 874
1 236 459 496 782
1 99 472 204 735
1 664 675 845 877
1 858 723 953 852
1 255 970 348 1238
1 359 970 458 1160
1 346 1091 518 1305
1 527 1080 759 1307
1 839 1127 960 1282
1 507 964 664 1113
8 37 886 972 1313
8 661 464 971 882
8 35 459 650 878
8 33 33 449 447
8 461 32 968 450
