1 281 304 389 441
1 385 290 532 441
1 509 168 653 436
1 554 319 661 443
1 680 314 773 444
1 776 317 883 446
1 891 303 955 444
1 29 606 201 864
1 204 652 334 867
1 352 600 421 771
1 440 605 502 686
1 476 630 568 789
1 570 611 630 789
1 364 960 460 1023
1 262 1024 408 1126
1 421 1001 589 1293
1 339 1214 407 1296
1 240 1210 323 1299
1 191 1199 242 1298
1 163 1192 198 1295
1 114 1210 171 1295
1 33 1194 116 1296
7 220 708 273 771
7 513 641 534 666
7 586 638 606 658
7 381 972 408 1005
7 270 1070 293 1097
7 86 1236 110 1288
6 836 590 958 872
6 666 652 836 864
6 344 727 419 862
6 419 732 504 866
6 499 734 583 869
6 583 724 642 872
8 27 882 647 1304
8 659 460 961 871
8 345 459 645 871
8 26 452 331 870
8 275 19 959 448
5 485 46 690 307
