7 338 88 381 132
7 303 664 324 708
7 439 655 474 702
7 90 1069 120 1126
7 248 1101 283 1164
7 234 137 257 188
7 74 226 93 257
1 34 202 94 341
1 110 109 269 446
1 215 44 444 439
1 488 251 734 441
1 208 620 370 867
1 387 591 545 860
1 72 1009 386 1299
1 34 1030 115 1297
5 789 998 966 1276
5 577 955 867 1242
5 482 1094 663 1269
6 639 696 705 813
6 590 708 642 795
6 761 253 848 354
6 843 284 895 381
8 480 881 973 1307
8 33 880 474 1307
8 33 460 559 867
8 571 456 969 868
8 31 28 476 446
8 486 25 966 444
