7 395 305 425 354
7 538 278 598 352
7 817 289 849 340
7 250 625 291 675
7 567 689 604 740
7 437 1079 459 1101
1 349 255 463 445
1 455 248 642 445
1 688 218 779 439
1 746 270 879 444
1 45 590 318 787
1 239 664 630 866
1 567 1057 612 1162
1 568 1189 637 1302
1 538 1115 597 1195
1 500 1057 560 1168
1 422 1053 493 1148
1 311 1168 351 1244
1 253 1112 304 1282
5 242 901 385 1115
6 696 617 812 849
6 771 565 962 879
6 116 322 168 400
6 160 313 200 406
6 45 319 67 379
6 64 324 94 379
8 39 889 968 1306
8 663 464 966 875
8 38 464 654 875
8 349 31 647 449
8 38 30 335 449
8 659 29 963 448
