1 45 104 91 202
1 134 120 468 219
1 267 221 428 450
1 496 278 593 436
1 656 117 791 454
1 751 246 932 454
1 875 208 963 371
1 37 708 85 824
1 143 479 381 843
1 265 495 463 837
1 446 656 514 821
1 419 553 642 875
1 45 976 465 1310
1 245 898 465 1281
1 481 1020 572 1283
1 501 1020 645 1284
1 667 977 957 1308
1 661 469 962 632
1 721 617 865 881
6 851 719 914 878
6 903 712 965 878
6 90 379 218 452
6 218 379 291 450
6 382 384 436 450
6 447 389 552 452
6 552 363 632 450
8 37 896 653 1313
8 661 895 977 1312
8 34 471 649 883
8 657 469 971 882
8 30 36 643 456
8 650 33 968 455
