1 350 187 449 425
1 425 125 489 372
1 477 114 639 399
1 614 153 730 287
1 729 134 868 363
1 819 109 916 366
1 866 151 960 424
1 281 489 488 639
1 40 666 215 799
1 546 589 699 711
1 776 777 884 862
1 308 1021 478 1272
1 402 932 546 1081
1 527 1009 602 1157
1 614 1010 669 1115
1 635 921 965 1292
1 546 1093 666 1248
7 406 217 449 262
7 441 151 491 203
7 553 139 591 198
7 641 186 686 244
7 713 154 746 189
7 754 158 801 230
7 837 137 876 181
7 873 195 912 250
7 364 524 408 583
7 159 727 200 774
7 633 625 690 668
7 793 790 833 848
7 409 1064 467 1140
7 486 951 511 977
7 583 1048 613 1078
7 582 1107 619 1187
7 669 998 758 1165
8 41 878 975 1302
8 35 456 497 869
8 508 453 967 868
8 31 30 332 443
8 344 25 963 444
