7 414 174 452 202
7 773 234 793 257
7 817 254 829 278
7 59 616 121 699
7 139 704 191 759
7 205 619 257 713
7 389 601 422 638
7 441 534 469 567
7 468 606 495 634
7 550 612 584 655
7 606 526 630 554
7 388 1070 444 1153
7 575 1054 616 1109
7 680 1070 721 1134
1 394 143 537 388
1 735 220 803 370
1 804 248 855 370
1 814 165 891 304
1 33 595 152 867
1 128 674 202 820
1 168 598 322 873
1 408 523 490 603
1 344 583 447 686
1 347 592 587 875
1 550 471 683 590
1 568 559 666 622
1 600 597 719 875
1 347 1043 548 1299
1 495 1043 647 1235
1 664 1051 723 1169
1 724 1054 820 1221
8 341 890 649 1311
8 663 889 966 1303
8 30 889 334 1306
8 31 458 330 876
8 342 457 965 879
8 337 18 957 446
