7 270 144 313 204
7 359 285 406 378
7 737 102 760 154
7 856 185 885 211
7 315 1005 363 1083
7 389 1057 426 1140
7 601 1109 660 1184
7 751 1099 786 1145
7 834 1047 897 1134
6 806 715 830 754
6 118 658 171 776
1 42 91 338 447
1 354 222 478 445
1 505 63 812 452
1 847 174 918 326
6 195 549 299 770
6 634 592 721 653
5 590 628 748 754
5 764 735 849 787
1 218 915 396 1277
1 211 1022 505 1313
1 540 1069 672 1305
1 639 1066 806 1274
1 828 960 960 1307
8 538 893 965 1314
8 27 893 536 1314
8 24 461 349 881
8 362 460 961 882
8 22 30 481 451
8 494 29 957 449
